1 17.2443361729898 4.57957225960685 1
2 19.706307515343 5.69217967173929 1
3 16.0460501410426 4.37225406868617 1
4 19.0410161177668 5.03507138321366 1
5 22.4128274290929 5.85572043635119 1
6 17.1777921246703 4.69854600927267 1
7 16.7090834159674 4.76391680741653 1
8 16.189068124947 4.68231434373786 1
9 17.2458971370009 4.85711318256692 1
10 18.2169167996141 5.06905411240196 1
11 18.4598737198831 5.61381517192673 1
12 17.5317523718653 4.59911027267359 1
13 16.515009365699 4.45980369998631 1
14 17.8934145508935 4.92123282194656 1
15 15.7986342781591 4.46411998006104 1
16 18.6158391330029 4.93050692972508 1
17 16.5765084297986 4.70134345264354 1
18 11.6664138301763 3.90801661995421 1
19 17.7281240660498 5.12040862796835 1
20 18.7614408109716 4.87032229663287 1
21 18.8481189309243 5.45025597266663 1
22 21.5061181807449 5.47093469693387 1
23 23.5360658269618 5.73398095170985 1
24 19.5531706842378 5.35338054477896 1
25 18.2872981873968 5.40950446513108 1
26 18.211967320543 4.85325907564877 1
27 19.2821823045266 5.70929453624297 1
28 21.461267711607 5.74938691370324 1
29 16.7382653756019 4.67145895275717 1
30 16.0923773192755 4.573602279999 1
31 27.8026864987299 5.15795751918073 2
32 29.1042331908897 5.55484708382943 2
33 29.1130325394789 6.10773028583902 2
34 26.7909563423096 5.60855181947867 2
35 30.0176939605227 5.73961089331914 2
36 28.1932312462245 5.47578691620893 2
37 23.5809012091809 4.49523367701872 2
38 23.2421503007888 3.99976363068102 2
39 21.1092177370905 4.11890706377397 2
40 24.2733704462766 4.92869593702247 2
41 30.448669793994 5.77503018474157 2
42 22.4166252968765 4.59878840914261 2
43 24.6098915761876 4.96271054005866 2
44 29.6872967816349 5.94783397736123 2
45 25.8198350768026 4.77171552953978 2
46 27.5801263485459 5.28111168132151 2
47 24.5140625245201 4.55649574424429 2
48 24.0058199369334 4.76987771190241 2
49 25.2000855673288 4.63783575696626 2
50 26.1607399668823 4.96539442208294 2
51 28.130502132861 5.73162428147434 2
52 26.3460987977063 5.09386304871657 2
53 30.22428142386 5.51101143066542 2
54 25.7737488027323 4.70408258352448 2
55 25.4705500550428 4.94389967248193 2
56 23.7316904893798 4.53752345706716 2
57 27.6065636455947 5.37665239914776 2
58 25.5449722414321 4.94369546489848 2
59 24.4566032673776 4.9679545358901 2
60 26.0739517247821 5.11663764677288 2
61 29.6729229436526 4.43170859842575 3
62 33.4614317183703 5.42741521156423 3
63 29.3258823135872 4.71081479051907 3
64 32.8010590564549 5.24818076951508 3
65 28.8653489154441 4.61997103469411 3
66 31.5554863874707 4.82930686480029 3
67 26.4572466165739 3.9488354397611 3
68 31.5929618003524 4.84914885931555 3
69 28.0119147370131 4.3638082789094 3
70 30.6267826776318 4.86016694509539 3
71 27.9704605457083 4.89795133959021 3
72 32.7950262488175 4.88719290724132 3
73 31.78748858512 5.17351422601105 3
74 32.6920157785618 5.01618392129896 3
75 31.3161450301785 5.2067656448359 3
76 30.0299222090868 4.92232576168731 3
77 32.9067806247281 5.48674269624152 3
78 31.1234862837776 5.06054507138674 3
79 31.3586905184178 5.09458684573873 3
80 29.3885513747689 4.71855746508702 3
81 30.5566848057289 5.24920808250067 3
82 27.6591638910131 4.12884875331845 3
83 31.7164715401404 5.48776454860184 3
84 29.1993330445987 4.98795856363178 3
85 32.3158726635775 5.33784223765704 3
86 29.9114156984951 4.6448451974733 3
87 37.346753549083 6.1936163231887 3
88 28.9836654032137 4.76328399390177 3
89 31.7647414102812 4.96211372166661 3
90 29.36132699076 4.73907997176086 3
