19.55 1
27.24 1
28.76 1
31.19 1
21.91 1
27.62 1
29.46 1
26.35 1
26.69 1
30.22 1
27.81 1
23.46 1
23.64 1
27.85 1
20.62 1
25.35 1
28.00 1
23.49 1
27.77 1
18.48 1
23.01 1
22.66 1
23.24 1
22.82 1
17.94 1
26.67 1
28.98 1
21.48 1
14.47 1
28.29 1
27.97 1
23.53 2
26.39 2
30.90 2
26.05 2
23.27 2
29.17 2
30.93 2
17.55 2
32.55 2
28.87 2
26.53 2
25.26 2
25.65 2
29.39 2
23.26 2
24.77 2
25.42 2
23.65 2
32.22 2
18.86 2
21.75 2
23.07 2
22.30 2
27.04 2
22.24 2
24.87 2
30.85 2
21.15 2
16.47 2
29.05 2
26.99 2
21.34 3
29.94 3
32.95 3
29.40 3
22.32 3
28.36 3
28.49 3
22.24 3
36.15 3
30.62 3
26.53 3
27.95 3
31.49 3
30.24 3
24.80 3
26.43 3
29.35 3
21.15 3
29.18 3
21.60 3
25.39 3
22.26 3
24.85 3
24.56 3
16.35 3
22.96 3
25.82 3
19.46 3
23.60 3
33.10 3
27.13 3
24.40 4
25.88 4
27.97 4
24.54 4
22.66 4
28.94 4
30.72 4
16.70 4
30.27 4
26.29 4
22.33 4
24.85 4
24.33 4
24.50 4
22.67 4
22.28 4
23.80 4
25.36 4
29.50 4
20.19 4
20.14 4
21.09 4
24.78 4
24.74 4
22.73 4
21.08 4
25.70 4
19.79 4
16.82 4
31.15 4
27.84 4
22.50 5
23.10 5
28.26 5
25.55 5
16.71 5
27.88 5
31.07 5
23.44 5
28.82 5
27.77 5
24.54 5
24.55 5
27.78 5
26.14 5
23.44 5
26.44 5
27.47 5
24.94 5
29.68 5
24.33 5
25.42 5
24.64 5
22.78 5
26.50 5
18.71 5
22.86 5
25.09 5
19.72 5
17.05 5
30.91 5
25.92 5
21.32 6
26.18 6
25.93 6
28.61 6
20.54 6
26.44 6
29.36 6
19.77 6
31.69 6
24.64 6
22.09 6
23.42 6
28.63 6
26.30 6
22.89 6
22.68 6
30.92 6
20.74 6
27.24 6
17.12 6
23.63 6
20.91 6
23.49 6
24.86 6
16.28 6
21.52 6
27.22 6
17.41 6
16.42 6
28.22 6
27.52 6
