Na Mg Al Si P S Cl K Ca Fe Cu Zn Ba Pb OC EC SO4 NO3
0.248423698 0.097430732 0.105137078 0.219064533 0 1.070188443 0 0.06985049 0.149874191 0.120779085 0.004593233 0.014154939 0.015099991 0.00998559 3.35 0.89 2.407762627 0.98
0.05319871 0.094669953 0.09270952 0.279491729 0.053233843 2.88851217 0 0.070800449 0.190941981 0.112833824 0.146456308 0.187681619 0.041885816 0.023918691 3.88 0.37 6.154449153 0.55
0.541611531 0.097329973 0.051482378 0.133273378 0 3.892235528 0 0.048592212 0.061046956 0.0824425 0.002453522 0.012607222 0 0.009751711 3.89 0.5 8.827714345 2.72
0.077548939 0.004133129 0.035087337 0.040929553 0 1.095667304 0 0.022694759 0.035945285 0.031308282 0.001852078 0.045961484 0.021346556 0.003956092 1.79 0.34 2.630867834 0.36
0.291169213 0.065381132 0.027700658 0.103440586 0 2.485542741 0 0.050411407 0.11259226 0.09775588 0.006660229 0.022345805 0.002723044 0.019257817 3.75 0.8 5.472890814 2.5
0.148275704 0.080555713 0.040732974 0.045220143 0.012458829 3.050201406 0 0.030258171 0.028572816 0.052103788 0.003704937 0.009223231 0.004522725 0.005468515 2.94 0.57 7.13306617 2.94
0.209796209 0 0.110772064 0.417166141 0 1.862689979 0 0.240975254 0.222659657 0.151014785 0.001352579 0.030098376 0.042313422 0.002823684 3.79 0.89 4.334279656 0.71
0 0.047643495 0.036330819 0.116786735 0 0.999550605 6.37134e-05 0.053115771 0.163729382 0.108043836 0.002633489 0.070226369 0.013953243 0.101622937 4.89 0.77 2.145473668 0.48
0.595292368 0.057712765 0.051518827 0.244886484 0 3.162717937 0 0.163134843 0.23875511 0.137212065 0.00341327 0.051497972 0.025790696 0.023149062 5.36 0.71 5.902564074 0.66
0.52284361 0.065363409 0.055290087 0.112652846 0 5.251228402 0 0.080056029 0.158018164 0.125223276 0.002843733 0.019361434 0.008127982 0.008884896 4.21 0.6 12.3572033 1.21
0.802126635 0.013254965 0.026003327 0.137143779 0 5.2969269 0 0.10145947 0.182085744 0.130967382 0.003678079 0.018716566 0 0.011402046 3.94 0.63 12.79890302 0.84
0.829236042 0.170110729 0.036523652 0.137097233 0.013208173 2.704942344 0 0.078277851 0.13762445 0.099831315 0.000790826 0.011321291 0.014429097 0.010065683 2.94 0.63 6.085100513 0.98
0.564700032 0.12989111 0.109890009 0.31132772 0 1.549634804 0 0.240641235 0.092278118 0.132034573 0.004368841 0.060255877 0.015680044 0.038595982 2.98 0.55 3.270680458 0.67
0.162844195 0.08452275 0.139512216 0.338522692 0 2.235087112 0 0.241172493 0.139416284 0.15428571 0.005385884 0.061663577 0.051371468 0.042689642 3.3 0.66 4.446415124 0.55
0.49232958 0.402493356 0.964516161 0.062692176 0 6.410415966 5.653999474 15.23088499 0.146683616 0.134140951 0.262021144 0.109196628 1.392602477 0.118559562 5.29 0.75 1.457799601 0.36
0.114015661 0.201869792 0.153765444 0.121099781 0 1.915916045 0.009915006 1.952855656 0.111081206 0.191133139 0.041462123 0.065255375 0.167726545 0.065386563 3.25 0.88 4.244774808 1.18
0.323859779 0.078870025 0.031083408 0.064412626 0 1.625938068 0 0.109806052 0.083930115 0.061022857 0.005017981 0.013088859 0.132250112 0.008400731 3.38 0.46 3.871875375 0.4
0.282992418 0.110074447 0.029568468 0.117642065 0 1.528048139 0 0.103426456 0.102464709 0.11307903 0.003720629 0.01948767 0.014931655 0.024324487 4.59 2.97 3.048759907 0.41
0.410135117 0.059882915 0.016503442 0.055233861 0.007373878 2.239973577 0 0.05448945 0.114814798 0.111935474 0.04021924 0.041314787 0.016131237 0.02321016 5.72 0.52 8.092282105 0.76
0 0 0.002635097 0.061404698 0.005076029 5.354087492 0 0.046065659 0.062465672 0.087159306 0.001844568 0.013993753 0.065447492 0.00649066 3.12 0.48 12.61927 1.21
0.047674829 0.044590967 0.025115411 0.081958476 0 2.033334218 0 0.051390743 0.093745216 0.080159557 0.001444692 0.021079998 0.012182641 0.009550246 3.57 0.47 5.093426435 0.42
0.802214083 0.10443252 0.078224438 0.152981578 0 3.76258995 0 0.049327994 0.148528548 0.117460735 0.005045848 0.008340815 0.013586567 0.005810998 3.89 0.5 8.458829283 0.57
0.285547715 0.1176045 0.071177974 0.074310535 0 7.014816217 0 0.045281666 0.099918873 0.199542752 0.004024569 0.022201853 0.300683745 0.011357291 5.13 1.22 16.14775474 0.66
0.684515238 0.074736931 0.077829254 0.13877234 0 4.935229439 0 0.054570815 0.100531769 0.100337196 0.007623097 0.012431834 0.079281604 0.011236599 4.32 0.67 10.64786238 0.78
0.342631933 0.09272339 0.012803156 0.081896284 0.008007118 2.295174933 0 0.048028987 0.068496197 0.107138948 0.020508378 0.026841343 0.01523205 0.01843627 3.28 0.65 4.504967261 1.17
0.313346787 0.074216626 0.041366757 0.106236253 0.013961886 1.058176735 0 0.045400345 0.092288205 0.121747923 0.024194606 0.030089317 0.107391672 0.023841754 2.94 1.31 2.677059519 0.62
0.028529228 0.100440876 0.050430377 0.114244374 0.15222836 2.885493319 0 0.071229346 0.17943797 0.13825991 0.158256612 0.307875728 0.022231054 0.593310463 4.19 0.94 5.622150005 1.17
0.374510468 0.056394654 0.018060805 0.079361465 0.004557073 1.384917588 0 0.048173777 0.06598335 0.108302021 0.004550095 0.057525199 0 0.023887996 2.59 0.58 3.049500259 0.42
0 0.093857611 0.029922894 0.085916187 0.003122328 2.721244857 0 0.064734422 0.08964351 0.09403146 0.002023603 0.016133189 0.005507537 0.008727221 4.42 0.53 6.563709457 0.68
0.449567827 0.037318474 0.061492017 0.109000956 0 5.158610269 0 0.065892286 0.163606202 0.159373562 0.106765898 0.046461256 0 0.088962269 6.64 0.67 11.85094106 1.33
0 0.086510603 0.030214794 0.070941196 0.073004611 2.463273407 0 0.041164096 0.188757355 0.10123936 0.133934421 0.145279732 0.019842136 0.138102937 3.83 1.2 6.239205298 1.23
0.478332659 0.075454634 0.014342968 0.050324338 0.052959195 1.074228072 0 0.038247914 0.081949697 0.070737392 0.063208219 0.019485187 0 0.011757692 2.24 0.71 2.657126547 0.49
0.07578506 0.044364846 0.030971945 0.134101418 0.004530966 1.188740626 0.002282724 0.063916274 0.250816893 0.172411183 0.009144689 0.02828233 0.032220202 0.021289333 5.52 1.76 3.161961932 0.62
0.068938803 0.045769914 0.043072555 0.090957765 0.001625513 0.447449173 0.054522132 0.06066927 0.161252346 0.117796482 0.007403539 0.088665011 0 0.027087157 1.56 0.79 1.266538608 0.4
0.205914724 0.065931931 0.018093014 0.081683081 0.000112861 1.172688304 0 0.047655518 0.175442279 0.129366814 0.005269194 0.020604169 0.031749184 0.017020835 2.81 0.82 2.298166597 1.11
0.218649624 0.027594071 0.026073698 0.124635117 0.008340741 1.714675981 0 0.077517742 0.228368648 0.191197643 0.013271299 0.054932379 0.025036433 0.053781442 6.36 1.55 3.354633622 1.61
0.020749835 0.019186301 0.065571147 0.217623103 0.046051292 2.220176758 0 0.078308738 0.233473864 0.209499674 0.073541696 0.141128064 0 0.049775977 4.36 1.2 5.00702433 1.19
0.298462904 0.04650434 0.028650121 0.215056077 0.007764854 1.960480818 0 0.083272584 0.240413731 0.19482789 0.039912339 0.142558199 0.010640464 0.05058813 4.37 0.85 3.777479469 0.38
0 0.089806453 0.014275991 0.070180599 0.028406606 0.886557965 0.042537221 0.105071006 0.108981639 0.075886635 0.746276724 0.13411727 0 0.277596798 2.83 0.76 1.82 0.08
0.353400295 0.04420633 0.022892439 0.068927661 0 1.045820094 0 0.051160291 0.082571332 0.08362138 0.030959034 0.013421145 0.002266991 0.006230749 3.61 0.57 1.30680471 0.86
0.650967919 0 0.003792525 0.056909026 0.002756278 0.618456532 0 0.027957537 0.05635918 0.052446817 0.041710728 0.016544715 0 0.004391716 1.72 0.46 0.836172242 0.36
0.302108528 0.046830512 0.004883454 0.052690656 0 0.418710931 0.0051222 0.018853748 0.076890882 0.078048441 0.006366577 0.019201016 0.008088446 0.004073162 1.18 0.45 0.579580789 0.41
0.390122155 0.108124036 0.034825989 0.113248432 0.002316994 0.651523189 0.007867831 0.046595752 0.116816319 0.062125301 0.049481334 0.031712972 0 0.005614802 1.93 0.68 1.42197168 0.38
0.229540892 0.071237558 0.068847462 0.140437541 0 0.933773224 0.037642253 0.095512193 0.182789482 0.183501576 0.086262027 0.076976609 0.016089084 0.040060551 4.65 1.76 1.716341393 1.25
0.058648009 0.019129131 0.042355267 0.150761003 0.009124815 2.035017024 0 0.135545649 0.175907382 0.173554719 0.168307034 0.060187135 0.01922441 0.071459396 6.67 1.66 4.021630481 1.39
0.431029018 0.032890681 0.065200572 0.127421139 0.014236265 2.889643705 0 0.113980003 0.132551449 0.09629357 0.130166062 0.030131929 0.001825339 0.012162015 4.15 0.62 6.00508767 1.35
0 0.031227246 0.030191271 0.061883649 0.017118253 1.563864148 0.033489477 0.06688029 0.06793036 0.070326493 0.102998466 0.064237497 0 0.030163081 2.29 0.7 2.942305127 0.39
0.373942069 0.020001569 0.034434834 0.0777 0.008553302 0.872533804 0 0.037793823 0.062754229 0.045862323 0.00894807 0.007306667 0.003442098 0.002597157 1.9 0.58 1.389121074 0.41
0.103057191 0 0.029515086 0.069149228 0 0.448515619 0 0.026897604 0.058903858 0.042188468 0.003136767 0.004624451 0 0.001922761 0.88 0.32 0.849179322 0.11
0.640863376 0 0.019654661 0.073154801 0 0.726022077 0.240919649 0.053679508 0.108055795 0.085979657 0.002656035 0.014101133 0 0.009044318 3.55 1.12 1.402204317 1.47
0.17037364 0 0 0.088224532 0 0.839276504 0.00769416 0.134120852 0.150225548 0.097282563 0.003134148 0.028971922 0 0.029027028 4.17 1.01 1.373480572 1.99
0.300135178 0.069702778 0.037853287 0.096094894 0.020442961 1.750881885 0 0.142315247 0.101695705 0.055755392 0.023564389 0.016522393 0 0.006399951 4.12 0.85 3.518263767 0.41
0.032072187 0.01554042 0.033049572 0.094178016 0.080836713 0.817987385 0.018151434 0.072619698 0.150084433 0.187015619 0.133406057 0.047717327 0.006932451 0.012196367 4.98 1.89 1.727840215 0.52
0 0.002345029 0.013864469 0.242312787 0.006123131 0.745753446 0.336257933 0.122915165 0.211464002 0.294966226 0.020248158 0.046550879 0.04725713 0.029744839 10.96 3.48 1.53435586 1.03
0.054245724 0.088916898 0.059800012 0.114397623 0 0.487266256 0.329841879 0.110844259 0.192730326 0.172272608 0.021706569 0.10924352 0.000965963 0.176874732 6.25 2.89 1.174972953 0.9
0.213810749 0.058039078 0.052774331 0.163348114 0 0.933706757 0.02164396 0.108586288 0.301464911 0.204338433 0.008563143 0.022031592 0.002403318 0.009775374 6.91 2.13 1.884243352 1.12
0.515350297 0.014203544 0.023027374 0.117988602 0 1.12730811 0.04464266 0.112374689 0.168486263 0.265066226 0.011985531 0.030473558 0 0.023488886 7.68 2.09 2.411158702 2.12
0 0.089267898 0.046559823 0.060749747 0 0.772790717 0.615318522 0.063052498 0.02166522 0.206632121 0.00579491 0.062243423 0 0.008809923 1.74 0.93 1.664210427 0.61
0.235013379 0.055156273 0.013894813 0.020472114 0.017222236 0.61398717 0.006619599 0.019647307 0.02148021 0.032484676 0.019471067 0.013267396 0 0.006471557 1.19 0.41 1.173444617 0.77
0.236168886 0.023119713 0.012411857 0.065004471 0.000343605 1.128469198 0 0.061792815 0.122954519 0.08055786 0.003141532 0.013491759 0 0.008344695 4.15 0.95 2.251270045 4.09
0.323698275 0.075159605 0.035936167 0.06349329 0.020367092 1.41162411 0 0.070109797 0.070312628 0.049316059 0.038069396 0.01756242 0 0.010834006 3.71 0.9 2.911416983 0.66
0.046447397 0.077851217 0.029127673 0.039787042 0.01498755 0.884748683 0.193843647 0.029372796 0.044885611 0.0545925 0.006219133 0.014777444 0.008481272 0.010568324 1.92 0.66 2.028650976 2.03
0.115312971 0.035571047 0.01975617 0.037680171 0 1.198955213 0.131823788 0.030031934 0.030997729 0.072093686 0.002449992 0.015956906 0 0.007605628 2.51 1.25 2.721080139 3.68
0.45525785 0.009471498 0.015551966 0.046917277 0.000701592 0.957735624 0 0.045156417 0.038346843 0.037273819 0.000591539 0.009643457 0.00234552 0.002572506 2.56 0.67 2.05705229 1.4
0.084265199 0.067557324 0.032515452 0.036535392 0.006685942 0.639554299 0 0.032815551 0.044079758 0.031384844 0.00111665 0.006881356 0.005415752 0.002191426 1.65 0.35 1.4253332 2.54
0.238751471 0.081942453 0.051493622 0.104499488 0.033220104 0.924852468 0.41057741 0.094117766 0.156696479 0.103374098 0.015924267 0.089264522 0.005458141 0.014179913 2.86 0.44 1.962073963 7.3
0.09747367 0.029366577 0.014102633 0.111221651 0.015757675 0.972309773 0.038921319 0.114058867 0.14891212 0.074400428 0.016793816 0.08191766 0.009714683 0.031717016 4.06 0.54 1.96689993 3.1
0 0.055968448 0.028673013 0.050063552 0.028243818 1.074961101 0.215428338 0.073295477 0.088698049 0.063064015 0.02006834 0.03830914 0.010743727 0.012862013 2.51 0.56 2.408525022 2.57
0.31696248 0.010075749 0.005426481 0.138105681 0.029800131 0.778360368 0.406600937 0.109852972 0.205681118 0.235061134 0.030185236 0.104517517 0.041738388 0.028217699 8.18 2.73 1.603751868 2.51
0.267400396 0.083096154 0.04357045 0.076678214 0.037647786 0.8798218 0.179860524 0.062363388 0.224242675 0.144792296 0.051240335 0.115495399 0.021565103 0.025520425 4.55 1.25 2.009714888 3.79
0 0.102679721 0.039079492 0.037466468 0.02299771 0.57025598 0.039501786 0.066971658 0.101219 0.079356637 0.039494863 0.033485829 0.025358402 0.026604515 3.58 0.58 1.227885167 2.46
0.211079221 0.056657484 0.026001353 0.087898072 0.001280238 0.736227234 0.204295352 0.057221067 0.173186963 0.192460109 0.00359719 0.036340666 0.019871518 0.010589794 3.54 1.07 1.801861041 1.71
0.064701865 0.056421673 0.03271634 0.036462648 0.008031858 1.719257484 0.206997721 0.056024337 0.019987406 0.047687382 0.008308574 0.037853323 0.004846077 0.009358675 3.16 0.46 3.696794052 7.49
0 0.01980926 0.056494111 0.061865522 0.005916235 0.666404195 0 0.07196573 0.099276805 0.052959736 0.007278297 0.01244016 0.006936035 0.003750907 2.97 0.43 1.68274304 1.41
0.674333308 0.099449202 0.014849139 0.11013822 0.018687736 1.539566301 0.007408165 0.127953249 0.16247438 0.103629008 0.020649686 0.042559219 0.011305818 0.014593232 4.71 0.84 3.094090543 1.23
0.218545453 0.03732072 0.013711522 0.035107137 0.001219585 0.838320366 0.03732072 0.029227749 0.018632161 0.181922647 0.005068681 0.026661685 0.012365044 0.007317512 1.62 0.56 1.860328314 2.45
0.218217386 0.040220081 0.030999531 0.036916683 0.009406754 0.506392334 0.157763129 0.033771903 0.024820314 0.147404665 0.003965457 0.024268598 0.013592898 0.004724066 1.43 0.46 1.13352437 1.04
0.374267204 0.046349611 0.039354972 0.063019268 0.000857451 0.835670326 0.024116651 0.058448446 0.085360253 0.1011387 0.008000625 0.027249385 0.008176166 0.012287879 4.05 0.79 1.907773793 3.29
0.141155817 0.114059006 0.017232875 0.028619919 0.002088833 0.581326682 0.05356262 0.046549072 0.042226347 0.035379615 0.00340886 0.10695117 0 0.035096753 1.9 0.27 1.312333742 2.89
0.358232342 0.012727444 0.024070865 0.072031769 0 1.006434807 0.092235717 0.062440979 0.094162221 0.153306584 0.002976692 0.039608084 0.013819361 0.010863534 2.25 0.42 2.095687597 3.4
0 0.068052425 0.051838362 0.07875892 0 1.193194545 0 0.044869882 0.093621811 0.055027677 0.001207138 0.013751775 0.02118665 0.002524017 2.58 0.45 2.613447644 1.76
0.307535157 0.04747727 0.022057873 0.04404756 0.042022464 0.585648453 0.012396047 0.023401119 0.064994016 0.047081796 0.089267904 0.0211101 0 0.008482224 1.7 0.28 1.460839363 2.74
0.120815492 0.027970415 0.035004765 0.118129776 0 0.375868101 0.020170704 0.035693589 0.075046988 0.075311385 0.001662918 0.01674746 0.008745973 0.006512514 1.74 0.36 0.855446398 0.77
0.193147221 0.016864347 0.041278869 0.075330162 0.139417425 0.654236447 0.047826931 0.058465815 0.079386665 0.086298508 0.166824563 0.042109389 0.007673724 0.052178578 2.67 0.4 1.85849569 1.86
0.247728596 0.067179682 0.033237894 0.057585601 0.004504924 0.533770165 0.218509939 0.051159045 0.087881216 0.056797239 0.008897225 0.072085826 0.002076488 0.04952601 2.96 0.98 1.067712955 0.9
0.20494991 0.024283763 0.008765436 0.070389954 0 0.729676938 0 0.052676762 0.09966651 0.050124267 0.000897581 0.011002375 0.008162374 0.003569285 2.5 0.49 1.554650961 2.38
0 0.024033022 0.012950107 0.047443647 0.02961338 1.229361936 0 0.030327722 0.02628214 0.039967807 0.033835779 0.02061691 0.012186256 0.002892733 1.63 0.29 2.789288539 2.34
0.110721611 0.064177952 0.024586208 0.093240719 0 0.685164487 0.006930996 0.071666775 0.086477071 0.110261404 0 0.018777838 0 0.005892044 5.56 0.97 1.446791369 2.43
0.108799762 0.055341659 0.046809849 0.073654007 0.005908784 0.85560172 0.026976704 0.065659359 0.0372665 0.041619606 0.013561602 0.017419403 0.025448931 0.004088014 4.57 0.46 1.858775168 2.85
0.579525242 0.077231766 0.05330312 0.070580535 0.004735504 0.455569837 0.06494098 0.037453532 0.037919907 0.028886575 0 0.003809928 0 0.003329203 1.18 0.12 1.103119276 1.4739
0.233467619 0.05858605 0.037982921 0.089342346 0 1.114646544 0 0.061650636 0.085449494 0.047804781 0 0.005984225 0.016392774 0.001829089 2.38 0.44 2.278111454 0.4539
0.56076617 0 0.015844197 0.066170475 0.012285572 0.767206344 0.007609472 0.038971935 0.062877915 0.046441722 0.021537997 0.021764153 0.023234164 0.009292335 1.68 0.35 1.635315295 2.1369
0.180640199 0.028615588 0.016042072 0.13926528 0 1.050931204 0.001789334 0.077774112 0.076865681 0.067347797 0.012924501 0.015711733 0.022325389 0.009903278 2.23 0.43 2.082245348 2.1471
0.03982818 0.078847808 0.010085995 0.014553945 0.004405217 1.687560555 0 0.026605559 0.027191062 0.09060667 0.001972589 0.017558135 0.024019585 0.005325294 1.32 0.28 4.058735645 2.3409
0.284741892 0.119757216 0.040593412 0.038535391 0.028896293 2.428639665 0.085057864 0.043428441 0.09061592 0.117727196 0.017955182 0.086009874 0.023254236 0.011494117 2.89 0.58 6.135933759 4.8246
0 0.068908436 0.056270141 0.126314346 0.184055652 0.835484294 0.046132063 0.072978912 0.096532791 0.059486884 0.35343777 0.046078705 0.020939322 0.041703324 3.76 0.44 1.85 0.8415
0 0.023745898 0.031844454 0.045194033 0.077686935 1.880556688 0.01903055 0.048379888 0.067713517 0.068390159 0.179436944 0.028045392 0.013455304 0.047195765 0 0.64 4.126225939 4.78
0.355845418 0.051539708 0.076777274 0.199295861 0 0.744792075 0.015989942 0.06428624 0.096138376 0.123171528 0.00166074 0.017948764 0.01068835 0.006146156 2.34 0.44 1.65 1.970211798
0.139990849 0.062289093 0.04241432 0.140199035 0 1.448450405 0 0.077403358 0.158269534 0.332534651 0.02894472 0.033587256 0.078527559 0.008577241 2.55 0.45 3.34 6.536887969
0.345358016 0.03472359 0.06693646 0.178034062 0 2.245958648 0 0.08035677 0.113429476 0.092545795 0.006135785 0.02307798 0.000852957 0.007944878 2.91 0.61 5.04 4.028491622
0.165175047 0.037824202 0.026255575 0.10548148 0.037885883 2.409187135 0 0.057980204 0.075381119 0.059700421 0.123992654 0.015166689 0 0.006565607 2.95 0.28 5.336713222 0.54
0.013730846 0.063127129 0.03656924 0.056598894 0 2.268579059 0 0.040761493 0.03095176 0.099807606 0.009336975 0.037292282 0 0.005638337 1.96 0.25 4.596417368 5.005
0.869792077 0.099955241 0.013771766 0.03109641 0.008313316 1.432193869 0 0.031787442 0.023795211 0.047806805 0.001465824 0.006659029 0.042362315 0.002987489 1.35 0.11 2.879677899 1.935
0.270370825 0.085412349 0.025239876 0.044077982 0 0.741046357 0 0.027394584 0.057816844 0.052759169 0.001524231 0.01882425 0.02204592 0.006374056 1.5 0.31 1.706232468 1.585
0.074994315 0.045120412 0.08687312 0.291527388 0 0.561120486 0.01046369 0.07447045 0.126060933 0.213607594 0.023988928 0.012756449 0.006966722 0.009552029 1.73 0.46 1.182714851 1.1
0.601003113 0.071744542 0.055985223 0.159422271 0 2.049956334 0 0.074213456 0.045191551 0.05274434 0.000639831 0.011468277 0.043501562 0.004381452 2.36 0.32 4.773131281 1.895
0.119400462 0.05155565 0.027027891 0.071013503 0.000926233 2.191947344 0.017208431 0.087212131 0.065268074 0.083402737 0.000891412 0.013949205 0.02778002 0.005320616 4.26 0.5 4.945534258 3.295
0.531371308 0.042648547 0.06432546 0.187645312 0.041445427 0.935253329 0.006769281 0.081936655 0.097660195 0.094880572 0.029524854 0.028280246 0.019644054 0.007467645 1.9 0.36 1.922808765 0.37
0.433559614 0.04795234 0.051200081 0.158671397 0 2.288315396 0 0.074704916 0.067507592 0.060158891 0.000805054 0.006811998 0.021791514 0.002993151 2.37 0.24 5.128770577 0.505
0.069362874 0.065103991 0.055612374 0.057443488 0.031478702 0.793119271 0.010630063 0.030470561 0.136928925 0.129378151 0.005561923 0.094381241 0.034276809 0.008188577 2.32 0.49 1.99751506 2.48
0.215510897 0.053358487 0.056084484 0.122546886 0 1.072505583 0 0.052948562 0.094562716 0.13722901 0.013629985 0.018719879 0.004556992 0.009940666 3.64 0.88 2.292071389 0.935
0.743087996 0.039212217 0.026365888 0.066773432 0 0.92678363 0 0.043478297 0.106871839 0.116805417 0.005021747 0.018479479 0.006931522 0.00675291 3.45 0.52 2.109342489 1.66
0.574636259 0.060337849 0.047846226 0.12113569 0 2.99640132 0 0.073893202 0.150000109 0.097230545 0.012563497 0.124564058 0.010601349 0.023028287 5.07 0.61 5.867923823 0.8
0.032695992 0 0.031610173 0.153950473 0 2.706652328 0 0.109524785 0.191868393 0.115803959 0.021994966 0.087922714 0 0.012994103 5.45 0.42 4.97 0.52
0.128836616 0.023089452 0.030208466 0.059547219 0.025993168 2.384554008 0 0.043134911 0.054434154 0.139988568 0.001893728 0.050085594 0.023405073 0.005155148 2.19 0.43 5.81 2.16
0.662339971 0.081755409 0.065891785 0.085489277 0.003577995 3.933994626 0 0.070178294 0.120071836 0.094352785 0.003138716 0.012554865 0.011874692 0.004690361 5.78 0.67 9.23 0.95
0.06421847 0.086560138 0.041455131 0.059842766 0.019929155 1.293272887 0 0.073197996 0.043356108 0.035482606 0.02660677 0.013396706 0.003221292 0.004382617 2.34 0.24 2.87 0.78
0.136718411 0.031395775 0.02169037 0.060843561 0.014782609 1.111362079 0 0.031824056 0.061202765 0.079211298 0.010610321 0.008835027 0.002680211 0.006963023 2.62 0.56 2.351644577 0.26
0 0.049617369 0.023858505 0.075272198 0.008849841 0.531711762 0 0.028089229 0.072345369 0.06464684 0.000846145 0.012241355 0.003231995 0.003141832 3.93 0.82 1.017656592 0.22
0.4336665 0.1167475 0.021910674 0.093984706 0 2.038586669 0 0.106773499 0.097868141 0.073743351 0.012767839 0.01111249 0.006181366 0.008563113 5.34 0.53 4.604696509 0.56
0.481891727 0.076237838 0.023801391 0.101330559 0 3.704224673 0 0.233970567 0.10609366 0.066796314 0.009180436 0.016229825 0.012158256 0.005821568 6.72 0.66 7.586489783 0.81
0.668550498 0.107321088 0.705912687 1.919663258 0 1.337247734 0.01361166 0.233983591 0.275300707 0.602455689 0.003151365 0.038144789 0.029501246 0.005624941 2.76 0.66 2.965466563 0.5
0.08360463 0.070129613 1.255425954 3.201552116 0 1.9964412 0 0.39413216 0.513566357 1.145099678 0.015931942 0.013419651 0.048231843 0.011384902 4.34 0.66 4.400739868 0.56
0.41478467 0.432904703 0.696102551 0.712881911 0 9.847417638 4.677656921 14.8160006 0.214381989 0.48268417 0.273685821 0.126658684 1.251217976 0.087590635 10.15 2 22.38290992 3.03
0.895825768 0.110967524 0.12494302 0.308457654 0 3.659655978 0 0.267918262 0.112047924 0.206328498 0.005680812 0.013808208 0.038406474 0.010573978 4.29 0.4 8.532178046 0.54
0.47281634 0.049481734 0.033008346 0.096952183 0 8.670317695 0 0.071024384 0.121395462 0.273664844 0.003584741 0.029334671 0.048318746 0.012320836 5.82 0.69 20.7616729 1.19
0.187925892 0.071069 0.036487982 0.066108126 0.014917166 0.897994052 0 0.02809319 0.073549436 0.146394124 0.016989954 0.024838912 0.025522933 0.015905195 2.53 0.63 2.416610596 0.33
0.119397609 0.023982766 0.02062016 0.098841977 0 1.972444487 0 0.045011601 0.09874877 0.149854646 0.001534323 0.046617622 0.001778094 0.005341453 2.81 0.41 4.208582394 0.6
0 0 0.035274986 0.091050831 0.082024543 3.508707283 0 0.035303127 0.074419385 0.146109075 0.069480606 0.022709943 0 0.008794123 4.97 0.57 7.553197315 0.57
0.208542844 0.044383306 0.100232765 0.21367152 0.00994991 2.565294987 0 0.067008171 0.069593471 0.082589842 0.019836934 0.014484665 0.012143921 0.005366244 3.31 0.23 5.507845042 0.35
0.447258657 0.128843754 0.213012481 0.783453037 0 2.215157087 0 0.108995924 0.218542016 0.276887672 0.00602399 0.018712673 0.011783343 0.005411145 3.57 0.64 4.9523877 0.69
0.612449747 0.066406908 0.120546192 0.502777623 0 4.320376956 0 0.095093941 0.161471967 0.267411094 0.002339441 0.013430124 0.021856443 0.00610132 4.57 0.39 9.408942417 0.88
0.110830943 0.031242227 0.046197298 0.08501319 0.008129846 4.769527689 0 0.041740989 0.108228569 0.244231821 0.002952562 0.016191027 0.009482531 0.004332713 4.93 0.91 11.60726491 0.7
0.455866365 0.134227358 0.074214589 0.142570131 0.010592986 6.517545259 0 0.075368 0.154337756 0.149837329 0.067067684 0.020442977 0.00702661 0.015199555 5.1 0.52 15.24316824 1.59
0.757369174 0 0.01499524 0.043130145 0.040439218 0.743127119 0.021787604 0.02369111 0.048991298 0.065972209 0.026032832 0.033489369 0 0.011674376 1.35 0.27 1.527871878 0.34
0.663137281 0.132946223 0.04311394 0.107042766 0.014549218 2.300728556 0 0.054512046 0.125101343 0.12276177 0.001462233 0.024938384 0.001476855 0.008108082 2.63 0.59 2.485996706 0.3
0.113851158 0.034165492 0.048049073 0.099206734 0 3.377137516 0 0.079062499 0.121995806 0.266882129 0.005391119 0.062142791 0.083910159 0.00909389 4.54 0.93 7.958245379 1.27
0.810076047 0.106932085 0.048869064 0.090536452 0 7.692358045 0 0.062334413 0.102257585 0.133017808 0.003945805 0.019667007 0.059078543 0.007666799 5.14 0.84 19.14668458 1.21
0 0 0.026588118 0.16331715 0.04036177 2.20344625 0 0.054321739 0.1451685 0.084042742 0.051975526 0.049063461 0 0.013145695 3.82 0.42 4.68482031 0.53
0.242939722 0.017886993 0.02824528 0.147816723 0 1.170977254 0 0.042674698 0.163610403 0.12048817 0.003796835 0.010437688 0.075294278 0.008921841 2.18 0.53 2.663215507 0.23
0.285473226 0.12335844 0.04921831 0.281383996 0.01518355 4.518732724 0 0.074090947 0.252379973 0.188266185 0.008424376 0.021626547 0.052569793 0.014867373 7.68 1.2 11.18930186 1.02
0.908510394 0.106520895 0.030110901 0.234241299 0 5.870249118 0 0.082668761 0.304284989 0.307339095 0.027121318 0.05741145 0.01836048 0.009606811 9.32 1.33 12.49571215 1.31
0.396290177 0.025765171 0.030600987 0.17920716 0 3.310123024 0 0.164375444 0.216977278 0.201440634 0.038876858 0.04364923 0.023854812 0.013647434 7.24 0.64 7.855192489 1.66
0.194718885 0.04094633 0.148909417 0.386945322 0 0.963560173 0 0.086261605 0.108235252 0.142119646 0.030081264 0.021257426 0.008673431 0.003559616 2.46 0.99 2.063345836 0.27
0.065205573 0.011741426 0.026678574 0.030252362 0.016142677 0.690846666 0.018739202 0.020422662 0.054619744 0.050503824 0.029296498 0.078637593 0.001326795 0.010050832 1.8 0.64 1.297928219 0.37
0.252242105 0.031346314 0.021359499 0.14980938 0.006843612 0.939039281 0.048105306 0.067464584 0.268822506 0.272901527 0.033060789 0.042147506 0.002993187 0.026645796 6.41 1.69 1.917920834 0.49
0.505003989 0.11586307 0.041530826 0.303162502 0 1.645396208 0.002986377 0.080242346 0.434096681 0.325132212 0.008346541 0.038370418 0.090120362 0.020995134 5.52 1.61 3.385125879 0.75
0.051290045 0.064298597 0.046710577 0.195221303 0 4.283126615 0 0.071976362 0.270410448 0.497287325 0.007599055 0.063210973 0.037093693 0.015069313 6.41 1.96 9.451452126 2.88
0.051763074 0.064526186 0.038612987 0.124676045 0 3.693309734 0 0.075171494 0.254664191 0.103512076 0.001639363 0.030064376 0.008520468 0.010040221 4.13 0.62 7.726200489 1.11
0.770560553 0.112829887 0.041794862 0.157004352 0.014927241 3.910894728 0 0.077171152 0.195614642 0.098693493 0.019644079 0.125137446 0.019947708 0.02537066 5.5 0.43 7.821238736 0.67
0.493474726 0.085157424 0.042426709 0.224845294 0 1.963534371 0.005062077 0.081898182 0.227213724 0.244761315 0.039457334 0.1032494 0.016133603 0.017858668 3.96 0.51 4.240141148 1.02
0.463468987 0.087133045 0.036469042 0.063460654 0 1.675683291 0 0.059562336 0.089611867 0.109103454 0.054682377 0.052570789 0.01250004 0.008185054 3.86 0.89 3.483788775 1.11
0.109820937 0.035780276 0.034300913 0.096187593 0 2.016110518 0 0.060936697 0.145760753 0.280310255 0.005779668 0.026345712 0.029492984 0.010986445 5.22 1.61 4.286090768 2.55
0.157543518 0.054143649 0.037345325 0.12755409 0 0.763082405 0 0.043074438 0.297751165 0.074535045 0.000778028 0.013799381 0 0.003960868 2.23 0.77 1.592623768 1.39
0.135442515 0.001299805 0.023410694 0.074074676 0.000781304 1.050902945 0.152688015 0.084451807 0.151317182 0.148880936 0.015363268 0.056126003 0.028226365 0.025506008 6.31 1.17 2.436049497 3.82
0.069002092 0.000506283 0.019330149 0.137230697 0.045340415 1.516147461 0.033203697 0.07890976 0.279714074 0.312109126 0.021081043 0.042633209 0.042021451 0.013908707 7.92 3.36 3.139326193 3.87
0.355242466 0.058506262 0.004936488 0.138463163 0.013680109 3.061460735 0.110080132 0.093658319 0.195747733 0.451187906 0.016919014 0.116891776 0.041672483 0.018098089 6.92 1.14 6.939852482 8.16
0.324262524 0.035027402 0 0.062695454 0.010947385 1.880750839 0.003066396 0.064126439 0.096432855 0.166981102 0.002777379 0.029818054 0.019476899 0.009981646 4.34 1.09 3.833634591 6.63
0.46820684 0.051647379 0.035491019 0.021265338 0 1.971786804 0 0.048810607 0.021808994 0.046956598 0.001205803 0.021397767 0.015041167 0.005067159 1.69 0.34 4.893048032 3.56
0.200036327 0.025850071 0.014924838 0.032740617 0.001712111 1.559894618 0 0.028298951 0.039259269 0.171835612 0.013353063 0.01500904 0.030277703 0.005585412 1.56 0.46 2.93760858 2.38
0.577132883 0.081901239 0.035863905 0.047343878 0.006268476 1.502408422 0.05286366 0.052261769 0.066457592 0.109199205 0.028347606 0.101558123 0 0.011979102 3.07 1.34 3.011885918 5.27
0.322289399 0.027077707 0.029832079 0.087458281 0.018710257 0.988861443 0 0.040237486 0.048827512 0.053348578 0.007080685 0.019002388 0.005397457 0.003456877 3.35 0.71 2.198631228 0.81
0.345516348 0.033245835 0.021790041 0.054016288 0.013094416 1.018815504 0 0.04475989 0.065850785 0.064721956 0.002752886 0.017238311 0.005993718 0.003284528 1.79 0.47 2.166498653 2.1
0.004177645 0.058934378 0.031422529 0.032389376 0.014300678 2.485301982 0.096461031 0.047527026 0.047909436 0.063386204 0.001681159 0.026169808 0.019488462 0.00429309 4.02 1.01 5.40549804 7.16
0.055898715 0.080168843 0.030257754 0.092414 0.000184672 1.483553317 0.785735635 0.090780366 0.134348691 0.158824799 0.004801465 0.043689072 0.019070908 0.015143083 11.76 1.44 3.194564481 7.77
0.3690654 0.06237307 0.049094235 0.157720619 0 1.25703008 0.03681891 0.092351154 0.248736115 0.15673831 0.007575791 0.037928424 0.0163459 0.010162302 6.62 1.11 2.48373877 5.03
0.951729465 0.208667884 0.023557043 0.130294482 0.00513254 0.495570639 1.532329877 0.071280661 0.225720938 0.054248386 0.003068442 0.030566666 0 0.001773185 1.56 0.35 1.180753071 0.44
0.459873574 0.076604192 0.052879734 0.117380173 0.015043432 0.627069589 0.033599298 0.072008354 0.168741762 0.138613494 0.032860928 0.039492459 0.007287094 0.01292493 3.5 0.79 1.385551664 2.73
0 0.005777539 0.02641955 0.074475322 0.030890016 1.584547296 0.411609642 0.095346767 0.100067523 0.071930702 0.058102153 0.076922607 0.006041734 0.028581782 5.55 0.78 3.171381602 9.64
0.023204356 0 0.030184875 0.077006298 0.002291261 0.685677682 0.110998082 0.069278628 0.085715937 0.066304258 0.000683109 0.023460522 0.010936858 0.013092921 3.45 0.61 1.520517544 4.5
0.357938427 0.059876899 0.035906116 0.165650125 0 0.561168046 0.319908408 0.094510104 0.19547058 0.158899404 0.004791296 0.044694927 0 0.020867167 6.06 1.32 1.237208017 3.9
0.229053494 0.056138135 0.035366454 0.075513187 0.003891516 2.442246933 0.151445363 0.068961728 0.04275589 0.134641378 0.003009101 0.041581452 0.029068927 0.008341684 3.59 0.8 5.711426329 9.47
0.118547543 0.070990051 0.02949805 0.060553943 0.002343977 2.248119241 0.226745525 0.065090441 0.030363519 0.078735993 0.002206945 0.04039574 0.026086662 0.006923748 3.69 0.69 5.971404052 3.88
0.453375611 0.066410192 0.016321637 0.051464297 0.008492149 0.566064055 0.00902516 0.032340755 0.073432962 0.049433096 0.001246091 0.014232813 0.022472863 0.006410528 2.1 0.49 1.346632318 2.2
0.234432509 0.106178744 0.037033886 0.052773627 0.017009513 1.316821495 0.243877712 0.068717074 0.081109235 0.036775857 0.000801247 0.068452256 0 0.011692767 6.58 0.94 2.674956555 6.7
0.5182258 0.097596356 0.00982842 0.048305339 0.004524193 1.374248592 0.455404749 0.072720383 0.086363875 0.048340795 0.00111332 0.052957174 0 0.030052558 5.5 0.87 2.704841212 5.76
0.184666389 0.053310943 0.023515994 0.043747395 0.008140696 0.661470518 0.131999623 0.043726158 0.081024705 0.246195896 0.002484682 0.118896641 0.040434485 0.008947687 1.94 0.52 1.484438296 1.95
0 0.014815306 0.03288828 0.076519781 0 0.574319732 0.010169589 0.035572315 0.130533328 0.083842452 0.000807335 0.016840726 0 0.00597003 3.13 0.95 1.262216804 1.48
0.215123681 0.036317286 0.023089135 0.102387299 0 0.335676697 0.360718222 0.042704997 0.145601615 0.082693625 0.001174264 0.013171559 0.025253742 0.005560068 2.55 0.51 0.705120481 2.23
0.249290476 0.054032351 0.01528125 0.046388279 0 0.550641973 0.020953992 0.042659296 0.06464031 0.123869802 0.001240697 0.019010234 0 0.016466805 3.43 0.87 1.16547191 5.43
0.153856374 0 0.009857465 0.021748119 0.007445681 1.516507136 0.018473982 0.0326993 0.057693511 0.04456191 0.045872967 0.023802342 0 0.00729845 2.56 0.6 3.509481827 4.934184764
0.387035292 0.041008682 0.042537721 0.024660284 0.020486225 0.924619334 0.015587502 0.042095677 0.019732575 0.05890786 0.001152214 0.013167128 0.006637914 0.004050866 2.38 0.5 2.035523233 5.272416628
0.26944072 0.024456554 0.037448639 0.073325596 0 0.902571696 0.031250041 0.056639323 0.116943456 0.101388207 0.001909521 0.016546732 0.017552902 0.006374862 1.94 0.37 2.224991312 3.745857549
0.198506973 0.036490356 0.015482044 0.079207495 0.017555279 2.505274891 0.027787014 0.062777282 0.051328494 0.203594537 0.006177251 0.040120287 0.009665664 0.00979303 4.24 0.66 5.821785732 8.913115514
0.328658621 0.059987098 0.037849698 0.101012841 0.047458147 2.539083887 0 0.063710737 0.160999939 0.084723745 0.074012806 0.034396205 0 0.010878868 3.99 0.85 5.50124612 6.675150163
0.454397564 0.059077557 0.044400167 0.097313786 0 2.261153162 0.014762312 0.064300274 0.125076275 0.074250327 0.006454089 0.054696986 0.016368758 0.009652826 3.2 0.55 5.017056214 7.570557087
0 0.03120038 0.035154941 0.082210524 0.00433893 3.996472227 0 0.052946771 0.106115293 0.057041774 0.002771889 0.019055811 0 0.01080667 3.66 1.04 8.739525274 6.835865474
0 0.068312478 0.023662603 0.085328994 0 1.156454281 0.087398856 0.029836987 0.11006173 0.076577844 0.007237476 0.016734903 0.007758461 0.029689139 2.08 0.46 2.614062721 3.205707831
0.372141543 0.051380997 0.070816811 0.213995832 0 0.639404872 0.152138151 0.052501759 0.370895479 0.144327627 0.005903141 0.05306562 0.028958806 0.01674181 4.61 0.97 1.472044579 1.319448053
0.449484574 0.027259162 0.041811561 0.143362745 0 1.396783331 0 0.048185526 0.135753782 0.052000299 0.010065238 0.015938342 0 0.012336263 2.85 0.86 2.927381527 0.458531535
0.031850028 0.044461875 0.050597368 0.147122312 0 1.787548708 0 0.05335834 0.115135941 0.060461878 0.022387733 0.017404349 0 0.006953559 2.62 0.53 3.957132359 0.903261735
0.220947722 0.080469676 0.045908982 0.162191103 0 3.26944856 0 0.078083097 0.139391362 0.230941093 0.005749799 0.027043313 0.024663612 0.018177894 4.25 0.81 7.843596289 6.077923999
0.205071034 0.052990901 0.082697198 0.202716641 0 1.209687073 0 0.090374566 0.174102237 0.282131337 0.006933516 0.025161295 0.026376025 0.015327439 3.69 0.83 2.731234965 1.996703143
0.043166465 0.037708719 0.058950842 0.139179714 0 2.282558796 0 0.057550499 0.050965297 0.06614645 0.003195654 0.014118328 0 0.004157941 2.38 0.34 5.42375722 2.044790679
0.206783688 0.030712854 0.088399841 0.259523955 0.016554303 0.51131402 0.008604458 0.07077926 0.222278461 0.143198429 0.03702279 0.048745099 0.013618664 0.00873943 3.25 1.35 1.206257428 0.307202461
0.129346928 0.033735389 0.069587096 0.161867004 0 1.122550291 0 0.073093342 0.117906231 0.188568948 0.005133646 0.02770772 0.001194358 0.006614371 3.09 1.05 2.64487734 1.234413634
0.207685018 0.024829767 0.050017756 0.145031123 0 0.624487945 0 0.038940941 0.129409793 0.088024508 0.001095741 0.007859833 0 0.002198505 1.95 0.42 1.322079228 0.222418359
0.187341617 0.026250756 0.04843282 0.156896332 0 1.210177349 0 0.068440721 0.177113959 0.102884789 0.01635167 0.08114315 0.022140119 0.031780543 4.66 1.18 2.494445567 0.71908978
0 0 0 0.095173737 0.001204121 3.479029449 0 0.058155612 0.094678327 0.099137016 0.008814167 0.022045738 0.014738443 0.010293516 3.46 0.76 7.733705266 2.244899745
0.254330122 0.034603352 0.067837582 0.265025956 0 1.728040957 0 0.113678858 0.361754106 0.29361073 0.007193105 0.060185786 0.024811 0.017826391 6.1 1.71 4.046849194 1.847337509
