0
0
0
0
0
0.647058823529411
0.647058823529411
0.647058823529411
0.647058823529411
0.666666666666666
0.666666666666666
0.458333333333333
0.458333333333333
0.458333333333333
0.458333333333333
0.451612903225806
0.451612903225806
0.451612903225806
0.54
0.54
0.54
0.454022988505747
0.413265306122449
0.342592592592592
0.342592592592592
0.342592592592592
0.342592592592592
0.342592592592592
0.342592592592592
0.342592592592592
0.397435897435897
0.420454545454545
0.420454545454545
0.409420289855072
0.468531468531468
0.468531468531468
0.517006802721088
0.517006802721088
0.52
0.52
0.52
0.52
0.52
0.52
0.52
0.52
0.52
0.52
0.52
0.52
0.52
0.52
0.553403154595077
0.553403154595077
0.528309549203169
0.528309549203169
0.528309549203169
0.528309549203169
0.528309549203169
0.528309549203169
0.528309549203169
0.528309549203169
0.528309549203169
0.528309549203169
0.528309549203169
0.528309549203169
0.528309549203169
0.528309549203169
0.528309549203169
0.528309549203169
0.528309549203169
0.528309549203169
0.522729924169707
0.473851907029757
0.473851907029757
0.473851907029757
0.473851907029757
0.473851907029757
0.473851907029757
0.473851907029757
0.473851907029757
0.473851907029757
0.473851907029757
0.473851907029757
0.473851907029757
0.473851907029757
0.473851907029757
0.473851907029757
0.473851907029757
0.473851907029757
0.473851907029757
0.473851907029757
0.473851907029757
0.452286791856604
0.452286791856604
0.452286791856604
0.452286791856604
0.452286791856604
0.452286791856604
0.452286791856604
0.452286791856604
0.452286791856604
0.452286791856604
0.452286791856604
0.452286791856604
0.452286791856604
0.452286791856604
0.452286791856604
0.452286791856604
0.452286791856604
0.452286791856604
0.452286791856604
0.452286791856604
0.452286791856604
0.452286791856604
0.452286791856604
0.452286791856604
0.452286791856604
0.452286791856604
0.452286791856604
0.452286791856604
0.452286791856604
0.452286791856604
0.452286791856604
0.452286791856604
0.452286791856604
0.452286791856604
0.452286791856604
0.452286791856604
0.452286791856604
0.452286791856604
0.452286791856604
0.452286791856604
0.452286791856604
0.452286791856604
0.452286791856604
0.452286791856604
0.452286791856604
0.452286791856604
0.452286791856604
0.452286791856604
0.452286791856604
0.452286791856604
0.452286791856604
0.452286791856604
0.452286791856604
0.452286791856604
0.452286791856604
0.452286791856604
0.452286791856604
0.452286791856604
0.452286791856604
0.452286791856604
0.452286791856604
0.452286791856604
0.452286791856604
0.452286791856604
0.452286791856604
0.452286791856604
0.452286791856604
0.452286791856604
0.452286791856604
0.452286791856604
0.452286791856604
0.452286791856604
0.452286791856604
0.452286791856604
0.452286791856604
0.452286791856604
0.452286791856604
0.452286791856604
0.452286791856604
0.452286791856604
0.452286791856604
0.452286791856604
0.452286791856604
0.452286791856604
0.452286791856604
0.452286791856604
0.452286791856604
0.452286791856604
0.452286791856604
0.452286791856604
0.452286791856604
0.452286791856604
0.452286791856604
0.452286791856604
0.452286791856604
0.452286791856604
0.452286791856604
0.452286791856604
0.452286791856604
0.452286791856604
0.452286791856604
0.452286791856604
0.452286791856604
0.452286791856604
0.452286791856604
0.452286791856604
0.452286791856604
0.452286791856604
0.452286791856604
0.452286791856604
0.452286791856604
0.452286791856604
0.452286791856604
0.452286791856604
0.452286791856604
0.452286791856604
0.452286791856604
0.452286791856604
0.452286791856604
0.452286791856604
0.452286791856604
0.452286791856604
0.452286791856604
0.452286791856604
0.452286791856604
0.452286791856604
0.452286791856604
0.452286791856604
0.452286791856604
0.452286791856604
0.452286791856604
0.452286791856604
0.452286791856604
0.452286791856604
0.452286791856604
0.452286791856604
0.452286791856604
0.452286791856604
0.452286791856604
0.452286791856604
0.452286791856604
0.452286791856604
0.452286791856604
0.452286791856604
0.452286791856604
0.452286791856604
0.452286791856604
0.452286791856604
0.452286791856604
0.452286791856604
0.452286791856604
0.452286791856604
0.452286791856604
0.452286791856604
0.452286791856604
0.452286791856604
0.452286791856604
0.452286791856604
0.452286791856604
0.452286791856604
0.452286791856604
0.452286791856604
0.452286791856604
0.452286791856604
0.452286791856604
0.452286791856604
0.452286791856604
0.452286791856604
0.452286791856604
0.452286791856604
0.452286791856604
0.452286791856604
0.452286791856604
0.452286791856604
0.452286791856604
0.452286791856604
0.452286791856604
0.452286791856604
0.452286791856604
0.452286791856604
0.452286791856604
0.452286791856604
0.452286791856604
0.452286791856604
0.452286791856604
0.452286791856604
0.452286791856604
0.452286791856604
