0
0
0
0
0
0.38235294117647
0.38235294117647
0.38235294117647
0.38235294117647
0.484848484848484
0.484848484848484
0.666666666666666
0.666666666666666
0.666666666666666
0.666666666666666
0.733870967741935
0.733870967741935
0.733870967741935
0.613333333333333
0.613333333333333
0.613333333333333
0.60919540229885
0.551020408163265
0.541666666666666
0.541666666666666
0.541666666666666
0.541666666666666
0.541666666666666
0.541666666666666
0.541666666666666
0.478632478632479
0.443181818181818
0.443181818181818
0.463768115942029
0.479020979020979
0.479020979020979
0.520408163265306
0.520408163265306
0.566666666666667
0.566666666666667
0.566666666666667
0.566666666666667
0.566666666666667
0.566666666666667
0.566666666666667
0.566666666666667
0.566666666666667
0.566666666666667
0.566666666666667
0.566666666666667
0.566666666666667
0.566666666666667
0.589073208380928
0.589073208380928
0.549034349011994
0.549034349011994
0.549034349011994
0.549034349011994
0.549034349011994
0.549034349011994
0.549034349011994
0.549034349011994
0.549034349011994
0.549034349011994
0.549034349011994
0.549034349011994
0.549034349011994
0.549034349011994
0.549034349011994
0.549034349011994
0.549034349011994
0.549034349011994
0.481887910515891
0.422105555850298
0.422105555850298
0.422105555850298
0.422105555850298
0.422105555850298
0.422105555850298
0.422105555850298
0.422105555850298
0.422105555850298
0.422105555850298
0.422105555850298
0.422105555850298
0.422105555850298
0.422105555850298
0.422105555850298
0.422105555850298
0.422105555850298
0.422105555850298
0.422105555850298
0.422105555850298
0.41867955219924
0.41867955219924
0.41867955219924
0.41867955219924
0.41867955219924
0.41867955219924
0.41867955219924
0.41867955219924
0.41867955219924
0.41867955219924
0.41867955219924
0.41867955219924
0.41867955219924
0.41867955219924
0.41867955219924
0.41867955219924
0.41867955219924
0.41867955219924
0.41867955219924
0.41867955219924
0.41867955219924
0.41867955219924
0.41867955219924
0.41867955219924
0.41867955219924
0.41867955219924
0.41867955219924
0.41867955219924
0.41867955219924
0.41867955219924
0.41867955219924
0.41867955219924
0.41867955219924
0.41867955219924
0.41867955219924
0.41867955219924
0.41867955219924
0.41867955219924
0.41867955219924
0.41867955219924
0.41867955219924
0.41867955219924
0.41867955219924
0.41867955219924
0.41867955219924
0.41867955219924
0.41867955219924
0.41867955219924
0.41867955219924
0.41867955219924
0.41867955219924
0.41867955219924
0.41867955219924
0.41867955219924
0.41867955219924
0.41867955219924
0.41867955219924
0.41867955219924
0.41867955219924
0.41867955219924
0.41867955219924
0.41867955219924
0.41867955219924
0.41867955219924
0.41867955219924
0.41867955219924
0.41867955219924
0.41867955219924
0.41867955219924
0.41867955219924
0.41867955219924
0.41867955219924
0.41867955219924
0.41867955219924
0.41867955219924
0.41867955219924
0.41867955219924
0.41867955219924
0.41867955219924
0.41867955219924
0.41867955219924
0.41867955219924
0.41867955219924
0.41867955219924
0.41867955219924
0.41867955219924
0.41867955219924
0.41867955219924
0.41867955219924
0.41867955219924
0.41867955219924
0.41867955219924
0.41867955219924
0.41867955219924
0.41867955219924
0.41867955219924
0.41867955219924
0.41867955219924
0.41867955219924
0.41867955219924
0.41867955219924
0.41867955219924
0.41867955219924
0.41867955219924
0.41867955219924
0.41867955219924
0.41867955219924
0.41867955219924
0.41867955219924
0.41867955219924
0.41867955219924
0.41867955219924
0.41867955219924
0.41867955219924
0.41867955219924
0.41867955219924
0.41867955219924
0.41867955219924
0.41867955219924
0.41867955219924
0.41867955219924
0.41867955219924
0.41867955219924
0.41867955219924
0.41867955219924
0.41867955219924
0.41867955219924
0.41867955219924
0.41867955219924
0.41867955219924
0.41867955219924
0.41867955219924
0.41867955219924
0.41867955219924
0.41867955219924
0.41867955219924
0.41867955219924
0.41867955219924
0.41867955219924
0.41867955219924
0.41867955219924
0.41867955219924
0.41867955219924
0.41867955219924
0.41867955219924
0.41867955219924
0.41867955219924
0.41867955219924
0.41867955219924
0.41867955219924
0.41867955219924
0.41867955219924
0.41867955219924
0.41867955219924
0.41867955219924
0.41867955219924
0.41867955219924
0.41867955219924
0.41867955219924
0.41867955219924
0.41867955219924
0.41867955219924
0.41867955219924
0.41867955219924
0.41867955219924
0.41867955219924
0.41867955219924
0.41867955219924
0.41867955219924
0.41867955219924
0.41867955219924
0.41867955219924
0.41867955219924
0.41867955219924
0.41867955219924
0.41867955219924
0.41867955219924
0.41867955219924
0.41867955219924
0.41867955219924
0.41867955219924
0.41867955219924
0.41867955219924
0.41867955219924
0.41867955219924
0.41867955219924
0.41867955219924
0.41867955219924
