0
0
0
0
0
0.176470588235294
0.176470588235294
0.176470588235294
0.176470588235294
0.242424242424242
0.242424242424242
0.4375
0.4375
0.4375
0.4375
0.564516129032258
0.564516129032258
0.564516129032258
0.633333333333333
0.633333333333333
0.633333333333333
0.666666666666666
0.683673469387755
0.74537037037037
0.74537037037037
0.74537037037037
0.74537037037037
0.74537037037037
0.74537037037037
0.74537037037037
0.670940170940171
0.662878787878788
0.662878787878788
0.670289855072464
0.671328671328671
0.671328671328671
0.670068027210884
0.670068027210884
0.61
0.61
0.61
0.61
0.61
0.61
0.61
0.61
0.61
0.61
0.61
0.61
0.61
0.61
0.643008128430453
0.643008128430453
0.587729023289329
0.587729023289329
0.587729023289329
0.587729023289329
0.587729023289329
0.587729023289329
0.587729023289329
0.587729023289329
0.587729023289329
0.587729023289329
0.587729023289329
0.587729023289329
0.587729023289329
0.587729023289329
0.587729023289329
0.587729023289329
0.587729023289329
0.587729023289329
0.580463824889772
0.568227621439833
0.568227621439833
0.568227621439833
0.568227621439833
0.568227621439833
0.568227621439833
0.568227621439833
0.568227621439833
0.568227621439833
0.568227621439833
0.568227621439833
0.568227621439833
0.568227621439833
0.568227621439833
0.568227621439833
0.568227621439833
0.568227621439833
0.568227621439833
0.568227621439833
0.568227621439833
0.532749636584242
0.532749636584242
0.532749636584242
0.532749636584242
0.532749636584242
0.532749636584242
0.532749636584242
0.532749636584242
0.532749636584242
0.532749636584242
0.532749636584242
0.532749636584242
0.532749636584242
0.532749636584242
0.532749636584242
0.532749636584242
0.532749636584242
0.532749636584242
0.532749636584242
0.532749636584242
0.532749636584242
0.532749636584242
0.532749636584242
0.532749636584242
0.532749636584242
0.532749636584242
0.532749636584242
0.532749636584242
0.532749636584242
0.532749636584242
0.532749636584242
0.532749636584242
0.532749636584242
0.532749636584242
0.532749636584242
0.532749636584242
0.532749636584242
0.532749636584242
0.532749636584242
0.532749636584242
0.532749636584242
0.532749636584242
0.532749636584242
0.532749636584242
0.532749636584242
0.532749636584242
0.532749636584242
0.532749636584242
0.532749636584242
0.532749636584242
0.532749636584242
0.532749636584242
0.532749636584242
0.532749636584242
0.532749636584242
0.532749636584242
0.532749636584242
0.532749636584242
0.532749636584242
0.532749636584242
0.532749636584242
0.532749636584242
0.532749636584242
0.532749636584242
0.532749636584242
0.532749636584242
0.532749636584242
0.532749636584242
0.532749636584242
0.532749636584242
0.532749636584242
0.532749636584242
0.532749636584242
0.532749636584242
0.532749636584242
0.532749636584242
0.532749636584242
0.532749636584242
0.532749636584242
0.532749636584242
0.532749636584242
0.532749636584242
0.532749636584242
0.532749636584242
0.532749636584242
0.532749636584242
0.532749636584242
0.532749636584242
0.532749636584242
0.532749636584242
0.532749636584242
0.532749636584242
0.532749636584242
0.532749636584242
0.532749636584242
0.532749636584242
0.532749636584242
0.532749636584242
0.532749636584242
0.532749636584242
0.532749636584242
0.532749636584242
0.532749636584242
0.532749636584242
0.532749636584242
0.532749636584242
0.532749636584242
0.532749636584242
0.532749636584242
0.532749636584242
0.532749636584242
0.532749636584242
0.532749636584242
0.532749636584242
0.532749636584242
0.532749636584242
0.532749636584242
0.532749636584242
0.532749636584242
0.532749636584242
0.532749636584242
0.532749636584242
0.532749636584242
0.532749636584242
0.532749636584242
0.532749636584242
0.532749636584242
0.532749636584242
0.532749636584242
0.532749636584242
0.532749636584242
0.532749636584242
0.532749636584242
0.532749636584242
0.532749636584242
0.532749636584242
0.532749636584242
0.532749636584242
0.532749636584242
0.532749636584242
0.532749636584242
0.532749636584242
0.532749636584242
0.532749636584242
0.532749636584242
0.532749636584242
0.532749636584242
0.532749636584242
0.532749636584242
0.532749636584242
0.532749636584242
0.532749636584242
0.532749636584242
0.532749636584242
0.532749636584242
0.532749636584242
0.532749636584242
0.532749636584242
0.532749636584242
0.532749636584242
0.532749636584242
0.532749636584242
0.532749636584242
0.532749636584242
0.532749636584242
0.532749636584242
0.532749636584242
0.532749636584242
0.532749636584242
0.532749636584242
0.532749636584242
0.532749636584242
0.532749636584242
0.532749636584242
0.532749636584242
0.532749636584242
0.532749636584242
0.532749636584242
0.532749636584242
0.532749636584242
0.532749636584242
0.532749636584242
0.532749636584242
0.532749636584242
0.532749636584242
0.532749636584242
0.532749636584242
0.532749636584242
