0
0
0
0
0
0.088235294117647
0.088235294117647
0.088235294117647
0.088235294117647
0.303030303030303
0.303030303030303
0.427083333333333
0.427083333333333
0.427083333333333
0.427083333333333
0.564516129032258
0.564516129032258
0.564516129032258
0.473333333333333
0.473333333333333
0.473333333333333
0.574712643678161
0.576530612244898
0.587962962962963
0.587962962962963
0.587962962962963
0.587962962962963
0.587962962962963
0.587962962962963
0.587962962962963
0.534188034188034
0.534090909090909
0.534090909090909
0.550724637681159
0.524475524475524
0.524475524475524
0.523809523809524
0.523809523809524
0.56
0.56
0.56
0.56
0.56
0.56
0.56
0.56
0.56
0.56
0.56
0.56
0.56
0.56
0.614061657051932
0.614061657051932
0.559002994278018
0.559002994278018
0.559002994278018
0.559002994278018
0.559002994278018
0.559002994278018
0.559002994278018
0.559002994278018
0.559002994278018
0.559002994278018
0.559002994278018
0.559002994278018
0.559002994278018
0.559002994278018
0.559002994278018
0.559002994278018
0.559002994278018
0.559002994278018
0.554066273424534
0.47750164439869
0.47750164439869
0.47750164439869
0.47750164439869
0.47750164439869
0.47750164439869
0.47750164439869
0.47750164439869
0.47750164439869
0.47750164439869
0.47750164439869
0.47750164439869
0.47750164439869
0.47750164439869
0.47750164439869
0.47750164439869
0.47750164439869
0.47750164439869
0.47750164439869
0.47750164439869
0.425877617888137
0.425877617888137
0.425877617888137
0.425877617888137
0.425877617888137
0.425877617888137
0.425877617888137
0.425877617888137
0.425877617888137
0.425877617888137
0.425877617888137
0.425877617888137
0.425877617888137
0.425877617888137
0.425877617888137
0.425877617888137
0.425877617888137
0.425877617888137
0.425877617888137
0.425877617888137
0.425877617888137
0.425877617888137
0.425877617888137
0.425877617888137
0.425877617888137
0.425877617888137
0.425877617888137
0.425877617888137
0.425877617888137
0.425877617888137
0.425877617888137
0.425877617888137
0.425877617888137
0.425877617888137
0.425877617888137
0.425877617888137
0.425877617888137
0.425877617888137
0.425877617888137
0.425877617888137
0.425877617888137
0.425877617888137
0.425877617888137
0.425877617888137
0.425877617888137
0.425877617888137
0.425877617888137
0.425877617888137
0.425877617888137
0.425877617888137
0.425877617888137
0.425877617888137
0.425877617888137
0.425877617888137
0.425877617888137
0.425877617888137
0.425877617888137
0.425877617888137
0.425877617888137
0.425877617888137
0.425877617888137
0.425877617888137
0.425877617888137
0.425877617888137
0.425877617888137
0.425877617888137
0.425877617888137
0.425877617888137
0.425877617888137
0.425877617888137
0.425877617888137
0.425877617888137
0.425877617888137
0.425877617888137
0.425877617888137
0.425877617888137
0.425877617888137
0.425877617888137
0.425877617888137
0.425877617888137
0.425877617888137
0.425877617888137
0.425877617888137
0.425877617888137
0.425877617888137
0.425877617888137
0.425877617888137
0.425877617888137
0.425877617888137
0.425877617888137
0.425877617888137
0.425877617888137
0.425877617888137
0.425877617888137
0.425877617888137
0.425877617888137
0.425877617888137
0.425877617888137
0.425877617888137
0.425877617888137
0.425877617888137
0.425877617888137
0.425877617888137
0.425877617888137
0.425877617888137
0.425877617888137
0.425877617888137
0.425877617888137
0.425877617888137
0.425877617888137
0.425877617888137
0.425877617888137
0.425877617888137
0.425877617888137
0.425877617888137
0.425877617888137
0.425877617888137
0.425877617888137
0.425877617888137
0.425877617888137
0.425877617888137
0.425877617888137
0.425877617888137
0.425877617888137
0.425877617888137
0.425877617888137
0.425877617888137
0.425877617888137
0.425877617888137
0.425877617888137
0.425877617888137
0.425877617888137
0.425877617888137
0.425877617888137
0.425877617888137
0.425877617888137
0.425877617888137
0.425877617888137
0.425877617888137
0.425877617888137
0.425877617888137
0.425877617888137
0.425877617888137
0.425877617888137
0.425877617888137
0.425877617888137
0.425877617888137
0.425877617888137
0.425877617888137
0.425877617888137
0.425877617888137
0.425877617888137
0.425877617888137
0.425877617888137
0.425877617888137
0.425877617888137
0.425877617888137
0.425877617888137
0.425877617888137
0.425877617888137
0.425877617888137
0.425877617888137
0.425877617888137
0.425877617888137
0.425877617888137
0.425877617888137
0.425877617888137
0.425877617888137
0.425877617888137
0.425877617888137
0.425877617888137
0.425877617888137
0.425877617888137
0.425877617888137
0.425877617888137
0.425877617888137
0.425877617888137
0.425877617888137
0.425877617888137
0.425877617888137
0.425877617888137
0.425877617888137
0.425877617888137
0.425877617888137
0.425877617888137
0.425877617888137
0.425877617888137
0.425877617888137
