0
0
0
0
0
0.088235294117647
0.088235294117647
0.088235294117647
0.088235294117647
0.348484848484848
0.348484848484848
0.489583333333333
0.489583333333333
0.489583333333333
0.489583333333333
0.604838709677419
0.604838709677419
0.604838709677419
0.5
0.5
0.5
0.591954022988505
0.556122448979592
0.541666666666666
0.541666666666666
0.541666666666666
0.541666666666666
0.541666666666666
0.541666666666666
0.541666666666666
0.474358974358974
0.515151515151515
0.515151515151515
0.532608695652174
0.538461538461538
0.538461538461538
0.537414965986394
0.537414965986394
0.556666666666667
0.556666666666667
0.556666666666667
0.556666666666667
0.556666666666667
0.556666666666667
0.556666666666667
0.556666666666667
0.556666666666667
0.556666666666667
0.556666666666667
0.556666666666667
0.556666666666667
0.556666666666667
0.607802246077511
0.607802246077511
0.571238959925274
0.571238959925274
0.571238959925274
0.571238959925274
0.571238959925274
0.571238959925274
0.571238959925274
0.571238959925274
0.571238959925274
0.571238959925274
0.571238959925274
0.571238959925274
0.571238959925274
0.571238959925274
0.571238959925274
0.571238959925274
0.571238959925274
0.571238959925274
0.579270284191067
0.503112883682571
0.503112883682571
0.503112883682571
0.503112883682571
0.503112883682571
0.503112883682571
0.503112883682571
0.503112883682571
0.503112883682571
0.503112883682571
0.503112883682571
0.503112883682571
0.503112883682571
0.503112883682571
0.503112883682571
0.503112883682571
0.503112883682571
0.503112883682571
0.503112883682571
0.503112883682571
0.442394197104089
0.442394197104089
0.442394197104089
0.442394197104089
0.442394197104089
0.442394197104089
0.442394197104089
0.442394197104089
0.442394197104089
0.442394197104089
0.442394197104089
0.442394197104089
0.442394197104089
0.442394197104089
0.442394197104089
0.442394197104089
0.442394197104089
0.442394197104089
0.442394197104089
0.442394197104089
0.442394197104089
0.442394197104089
0.442394197104089
0.442394197104089
0.442394197104089
0.442394197104089
0.442394197104089
0.442394197104089
0.442394197104089
0.442394197104089
0.442394197104089
0.442394197104089
0.442394197104089
0.442394197104089
0.442394197104089
0.442394197104089
0.442394197104089
0.442394197104089
0.442394197104089
0.442394197104089
0.442394197104089
0.442394197104089
0.442394197104089
0.442394197104089
0.442394197104089
0.442394197104089
0.442394197104089
0.442394197104089
0.442394197104089
0.442394197104089
0.442394197104089
0.442394197104089
0.442394197104089
0.442394197104089
0.442394197104089
0.442394197104089
0.442394197104089
0.442394197104089
0.442394197104089
0.442394197104089
0.442394197104089
0.442394197104089
0.442394197104089
0.442394197104089
0.442394197104089
0.442394197104089
0.442394197104089
0.442394197104089
0.442394197104089
0.442394197104089
0.442394197104089
0.442394197104089
0.442394197104089
0.442394197104089
0.442394197104089
0.442394197104089
0.442394197104089
0.442394197104089
0.442394197104089
0.442394197104089
0.442394197104089
0.442394197104089
0.442394197104089
0.442394197104089
0.442394197104089
0.442394197104089
0.442394197104089
0.442394197104089
0.442394197104089
0.442394197104089
0.442394197104089
0.442394197104089
0.442394197104089
0.442394197104089
0.442394197104089
0.442394197104089
0.442394197104089
0.442394197104089
0.442394197104089
0.442394197104089
0.442394197104089
0.442394197104089
0.442394197104089
0.442394197104089
0.442394197104089
0.442394197104089
0.442394197104089
0.442394197104089
0.442394197104089
0.442394197104089
0.442394197104089
0.442394197104089
0.442394197104089
0.442394197104089
0.442394197104089
0.442394197104089
0.442394197104089
0.442394197104089
0.442394197104089
0.442394197104089
0.442394197104089
0.442394197104089
0.442394197104089
0.442394197104089
0.442394197104089
0.442394197104089
0.442394197104089
0.442394197104089
0.442394197104089
0.442394197104089
0.442394197104089
0.442394197104089
0.442394197104089
0.442394197104089
0.442394197104089
0.442394197104089
0.442394197104089
0.442394197104089
0.442394197104089
0.442394197104089
0.442394197104089
0.442394197104089
0.442394197104089
0.442394197104089
0.442394197104089
0.442394197104089
0.442394197104089
0.442394197104089
0.442394197104089
0.442394197104089
0.442394197104089
0.442394197104089
0.442394197104089
0.442394197104089
0.442394197104089
0.442394197104089
0.442394197104089
0.442394197104089
0.442394197104089
0.442394197104089
0.442394197104089
0.442394197104089
0.442394197104089
0.442394197104089
0.442394197104089
0.442394197104089
0.442394197104089
0.442394197104089
0.442394197104089
0.442394197104089
0.442394197104089
0.442394197104089
0.442394197104089
0.442394197104089
0.442394197104089
0.442394197104089
0.442394197104089
0.442394197104089
0.442394197104089
0.442394197104089
0.442394197104089
0.442394197104089
0.442394197104089
0.442394197104089
0.442394197104089
0.442394197104089
0.442394197104089
0.442394197104089
