1.759580571  4.155909918  2.879198457  2.48906466  0  1.713797928  0.824175443  0.904218151  1.549687908  1.211940974  2.290512512
2.151762203  4.284551613  3.0301337  1.829376333  2.149433913  2.063058062  1.057790294  1.134622726  1.842135677  1.974081026  2.265921109
2.043814364  4.002594704  2.770085592  1.515127233  1.962907725  1.677096561  0.854415328  0.850150929  1.483874689  1.504077397  2.316487998
2.234306252  3.60631273  2.618854622  2.017566138  1.539015448  2.145931283  1.131402111  1.249901736  2.016235466  1.545432582  2.640484882
2.968361077  4.869839484  3.628864022  2.486571929  2.017566138  2.758109401  1.578978705  1.660131027  2.499795262  2.348514025  2.774461967
2.669309373  3.849296176  2.923699071  2.202764758  1.719188776  2.520917087  1.297463147  1.460937904  2.265921109  2.149433913  2.194999882
2.410542234  3.427189962  2.801540544  2.111424588  1.78339122  2.286455711  1.196948189  1.238374231  2.042518188  1.996059933  2.125847914
2.564179831  4.077198403  3.326832966  2.492378665  2.18492705  2.541601993  1.32972401  1.415853163  2.271094426  2.161021529  2.358965426
1.921324674  3.228430038  2.828496354  2.047692843  1.740466175  2.000127735  0.985816795  1.033184483  1.706564623  1.519513205  1.740466175
1.773255998  3.258096538  2.987195943  2.237513096  1.880990603  2.069391206  1.184789985  1.2753628  1.986503546  1.313723668  1.665818246
1.976854953  3.766303351  3.27978276  2.353278207  1.994700313  2.143589362  1.220829921  1.255616037  1.989243274  1.420695788  2.076938411
1.72455072  3.243373296  2.888703701  1.924248652  1.601405741  1.774952351  0.966983846  0.963174318  1.635105659  1.101940079  1.644805056
1.506297154  2.833213344  2.554899022  1.677096561  1.383791231  1.558144618  0.806475866  0.797507196  1.366091654  1.029619417  1.488399584
1.593308531  2.524928324  2.742129515  1.860974538  1.570697084  1.673351238  0.91228271  0.871293366  1.499623046  1.147402453  1.451613827
1.993338843  2.684440335  2.305580602  1.874874376  1.595338988  1.979621206  0.947789399  1.029619417  1.742219024  1.456286733  2.014903021
2.02287119  2.839663088  2.467251715  1.873339456  1.593308531  2.059238834  1.022450928  1.043804052  1.809926773  1.432700734  2.123458427
2.466403178  3.573468603  3.217274544  2.831447079  2.597491011  2.575661013  1.442201993  1.564440547  2.38416508  2.086913557  1.846878768
2.843163675  4.229021132  3.433664572  2.653241965  2.329227024  2.731115474  1.74745921  1.961502244  2.620311287  2.347558459  2.118662255
3.105483138  4.057507672  3.561330133  2.941803932  2.593013391  3.131573496  1.776645831  2.000127735  2.896464272  2.818398258  2.173614712
2.538447417  3.734091797  3.011113376  2.337952237  2.024193067  2.512846018  1.327075001  1.492904096  2.309560707  2.321406847  1.958685341
2.293544348  3.444256871  2.662355242  2.045108863  1.757857918  2.296567021  1.131402111  1.286474026  2.066862759  2.048982334  1.832581464
2.312535424  3.263466708  2.414126468  2.00148  1.691939134  2.234306252  1.124929597  1.264126727  2.014903021  2.353278207  2.09679018
2.104134154  3.635478677  2.656756907  1.928618652  1.682688374  2.090628731  1.068153081  1.17557333  1.921324674  1.826160896  2.135349174
2.418588769  4.812753299  3.55134004  2.564949357  2.284421122  2.604909442  1.488399584  1.644805056  2.453587967  1.840549633  3.309447523
1.345472367  3.194173212  2.129421474  1.088561953  0.940007258  1.172482137  0.593326845  0.553885113  1.036736885  0.985816795  1.86872051
1.458615023  2.561867691  1.756132292  1.071583616  0.875468737  1.229640551  0.542324291  0.536493371  1.05431203  1.040276712  1.740466175
1.93441577  2.448415541  2.085672091  1.54329811  1.255616037  1.769854634  0.810930216  0.891998039  1.568615918  1.719188776  1.962907725
2.208274414  2.839663088  2.528125769  1.814824742  1.483874689  1.996059933  1.057790294  1.187843422  1.749199855  1.684545385  2.188295947
0.667829373  2.80819715  1.776645831  0.774727168  0.792992516  0.802001585  0.364643114  0.336472237  0.609765572  0.819779831  1.93441577
1.58514522  2.917770732  1.840549633  1.01523068  0.966983846  1.190887565  0.565313809  0.536493371  1.00795792  1.10856262  2.224623552
2.582486978  5.115655752  3.67832394  1.976854953  1.693779061  2.144761008  1.061256502  1.196948189  1.930071085  1.996059933  2.746629683
2.872999508  4.600358629  3.650138626  2.519308077  2.201659174  2.682390454  1.439835128  1.58514522  2.410542234  2.364620484  3.18345588
2.263844265  2.85532012  2.43798973  1.958685341  1.625311262  2.071913275  1.088561953  1.101940079  1.818076778  1.842135677  2.109000344
2.539236994  3.027230941  3.09421922  2.502255288  2.121063216  2.434490164  1.467874348  1.463255402  2.240709689  2.061786606  2.224623552
2.583997552  3.369018483  3.099641737  2.58021683  2.213753879  2.552565298  1.506297154  1.530394705  2.343727036  2.144761008  2.302585093
2.851284369  3.597586196  3.330774917  2.705379973  2.352327185  2.77695418  1.560247668  1.702928256  2.554121719  2.404238747  2.634762405
2.841414913  3.634423268  3.314186005  2.74598804  2.422144328  2.783157674  1.617406082  1.704748092  2.571084346  2.4176979  2.525728644
2.824350657  3.58850648  3.153163282  2.617395833  2.286455711  2.744060639  1.526056303  1.646733697  2.518502599  2.427454075  2.492378665
2.970927155  4.613535102  3.55477647  2.751109691  2.436241478  2.897016301  1.553925203  1.70837786  2.606386547  2.552565298  2.636912173
2.372111156  3.999117712  3.065724645  2.275213896  1.982379829  2.360854001  1.178654996  1.278152203  2.119863456  2.12704052  2.158714723
2.349468679  3.74265716  3.022860941  2.179286877  1.808288771  2.393339456  1.111857515  1.187843422  2.024193067  1.971299383  1.975468951
2.291524146  3.951820475  3.207612633  2.447550863  2.090628731  2.481567749  1.342864803  1.479329227  2.303584593  1.979621206  1.976854953
2.532108251  3.861992072  3.118392286  2.320425011  1.965712776  2.579458967  1.291983682  1.432700734  2.251291799  2.308567165  2.16676537
2.85474458  3.879499814  3.320710131  2.698673039  2.297572551  2.907993359  1.60341984  1.791759469  2.673458756  2.589266665  2.199444334
2.800933195  3.840741803  3.353057006  2.570319528  2.165619238  2.780680892  1.458615023  1.642872689  2.474856314  2.498151877  2.17588744
3.240245851  4.366024277  3.895283681  3.0301337  2.615203651  3.216071898  1.86872051  2.051556338  2.969388298  3.075467242  2.592265168
2.98214032  4.437224795  3.895283681  2.917230045  2.498973907  3.03783345  1.756132292  1.943048917  2.829677689  2.672768387  2.493205453
1.736951233  1.814824742  1.757857918  1.688249093  1.378766095  1.877937165  0.947789399  1.095273387  1.81319475  1.515127233  1.832581464
1.587192303  2.340843805  1.678963975  1.141033005  0.924258902  1.371180723  0.553885113  0.657520003  1.16938136  1.088561953  2.197224577
1.547562509  2.715356776  2.409644165  1.754403683  1.451613827  1.640936579  0.862889955  0.985816795  1.545432582  1.269760545  2.77570885
1.680827909  3.599501643  4.075331623  2.882003508  2.429217744  2.320425011  1.690095815  1.465567542  2.182674796  1.289232648  3.194173212
1.556037136  3.81815179  3.143721151  2.143589362  1.786746927  1.86252854  1.181727195  1.115141591  1.818076778  1.131402111  3.543853682
1.93874166  3.161670351  2.39059597  1.601405741  1.244154594  1.593308531  0.896088025  0.845868268  1.45395301  1.583093937  2.564179831
2.162172939  3.138533072  2.724579503  2.010894999  1.613429934  2.006870849  1.10856262  1.085189268  1.771556762  1.658228077  2.638342789
2.388762789  2.826129489  2.633326655  2.135349174  1.785070481  2.287471455  1.252762968  1.291983682  2.086913557  2.028148247  2.18492705
2.925846146  4.75660289  3.659708077  2.591516385  2.261763098  2.769458829  1.488399584  1.640936579  2.502255288  2.504709277  2.631169157
2.511223958  4.102312732  3.128951117  2.318458442  1.983756292  2.395164274  1.283707772  1.406096988  2.172476408  2.156402583  2.33020026
1.947337701  3.138533072  2.467251715  1.728109442  1.465567542  1.927164106  0.896088025  0.966983846  1.654411278  1.633154439  1.979621206
2.046401688  3.121483479  2.589266665  2.02287119  1.800058272  1.967112357  0.985816795  1.131402111  1.752672081  1.70837786  1.943048917
1.8017098  2.620311287  2.448415541  1.781709133  1.463255402  1.824549292  0.91228271  1.00063188  1.642872689  1.504077397  1.818076778
1.671473303  2.434490164  2.333114298  1.572773928  1.319085611  1.587192303  0.722705983  0.797507196  1.430311247  1.403642999  1.623340818
1.821318271  2.604909442  2.868466923  2.113842968  1.752672081  1.941615225  1.101940079  1.160020917  1.8017098  1.492904096  1.528227857
1.83736998  2.462149663  2.592265168  1.947337701  1.74745921  1.757857918  1.004301609  1.118414916  1.654411278  1.519513205  1.728109442
1.965712776  2.507971923  2.72850621  2.073171929  1.761300262  1.95160817  1.057790294  1.091923301  1.766441661  1.605429891  1.581038438
2.444084655  2.983153491  3.538928277  2.667228207  2.264883226  2.569554124  1.486139696  1.58514522  2.381396273  2.064327904  1.865629318
2.512846018  3.863252841  3.026261479  2.280339484  1.89761986  2.415020522  1.391281903  1.479329227  2.258633205  2.130609828  2.24495598
2.874693945  4.462684538  3.604138226  2.681021529  2.314513664  2.830267834  1.595338988  1.745715531  2.603430152  2.424802726  2.596746132
2.911263117  4.56100929  3.591817741  2.605648267  2.351375257  2.85532012  1.650579856  1.704748092  2.565718293  2.527327366  2.778197961
3.021887231  4.567987395  3.830161979  2.992727765  2.632608006  3.015044585  1.829376333  1.962907725  2.836150204  2.519308077  2.965788397
1.722766598  2.131796772  1.774952351  1.460937904  1.208960346  1.715598108  0.824175443  0.90825856  1.553925203  1.249901736  2.02287119
1.45395301  2.020222182  1.521698998  1.131402111  0.760805829  1.280933845  0.615185639  0.593326845  1.118414916  1.004301609  1.974081026
0.802001585  1.578978705  1.115141591  0.732367894  0.672944473  0.887891257  0.378436436  0.350656872  0.722705983  0.524728529  1.894616855
1.075002423  4.190714786  2.629006994  1.08180517  0.871293366  1.147402453  0.598836501  0.536493371  0.989541194  0.774727168  2.376764491
2.222459049  4.560591143  3.016514813  1.467874348  1.208960346  1.605429891  0.806475866  0.875468737  1.515127233  1.873339456  2.585505848
1.880990603  4.290185431  2.734367509  1.497388409  1.244154594  1.613429934  0.891998039  0.90825856  1.549687908  1.589235205  2.298577072
2.257587727  3.614155908  2.250238613  1.570697084  1.252762968  1.969905655  0.959350221  1.057790294  1.72455072  1.983756292  2.143589362
2.521720623  3.572907278  2.502255288  1.93874166  1.667706821  2.299580584  1.153731588  1.283707772  2.07819076  2.247072383  2.163323026
2.460443178  3.142426653  2.4176979  2.045108863  1.763017  2.302585093  1.150572028  1.297463147  2.076938411  2.198335072  1.979621206
2.102913898  2.76000994  2.181546765  1.617406082  1.286474026  1.877937165  0.891998039  0.97455964  1.695615609  1.941615225  2.041220329
2.047692843  2.271094426  2.104134154  1.660131027  1.345472367  1.930071085  0.955511445  1.026041596  1.754403683  1.87946505  1.972691172
1.750937475  1.979621206  2.00148  1.442201993  1.205970807  1.637053079  0.751416089  0.78845736  1.430311247  1.386294361  1.871802177
2.032087845  2.517696473  2.252343877  1.591273942  1.305626458  1.824549292  0.862889955  0.90016135  1.566530411  1.623340818  1.940179474
2.03077637  2.899221373  2.709382646  1.845300236  1.553925203  1.924248652  0.963174318  1.004301609  1.731655545  1.690095815  2.043814364
1.976854953  3.339321978  2.602689685  1.690095815  1.430311247  1.89009537  0.88376754  0.940007258  1.637053079  1.656321498  1.877937165
3.88567903  4.805495367  4.737425765  3.86514102  3.442659171  3.790307247  2.464703942  2.663052835  3.581294243  3.603049198  3.76026945
3.985087576  5.030241824  4.432600921  3.867443962  3.489818573  3.903789201  2.582486978  2.813010637  3.762826699  3.560761951  3.693120448
2.404238747  4.203049479  3.27752202  2.311544834  1.916922612  2.336019869  1.280933845  1.391281903  2.180417459  2.122261539  2.218115936
2.033397603  4.267877613  2.916689066  1.830980182  1.501852702  1.921324674  0.951657876  1.098612289  1.826160896  1.821318271  2.187174241
1.893111963  4.117409835  2.749831735  1.786746927  1.432700734  1.819698838  1.026041596  1.064710737  1.771556762  1.517322624  2.465553921
2.086913557  4.887789464  3.417398761  1.975468951  1.60743591  1.945910149  1.111857515  1.128171091  1.874874376  1.735189118  3.000222179
1.882513832  5.188948829  3.727138166  2.161021529  1.759580571  1.964311234  1.111857515  1.172482137  1.854734268  1.481604541  3.318540148
