MST,Max TemperatureF,Mean TemperatureF,Min TemperatureF,Max Dew PointF,MeanDew PointF,Min DewpointF,Max Humidity, Mean Humidity, Min Humidity, Max Sea Level PressureIn, Mean Sea Level PressureIn, Min Sea Level PressureIn, Max VisibilityMiles, Mean VisibilityMiles, Min VisibilityMiles, Max Wind SpeedMPH, Mean Wind SpeedMPH, Max Gust SpeedMPH,PrecipitationIn, CloudCover, Events, WindDirDegrees
2012-1-1,37,27,17,21,14,9,93,73,36,30.62,30.54,30.49,15,12,10,6,1,,0.00,0,,215
2012-1-2,44,32,19,21,18,16,93,57,31,30.57,30.47,30.39,15,15,15,7,2,,0.00,2,,250
2012-1-3,48,36,23,25,22,19,93,64,34,30.51,30.44,30.36,15,12,9,12,4,,0.00,1,,288
2012-1-4,42,30,19,27,21,16,100,79,42,30.61,30.52,30.46,15,12,7,5,1,,0.00,1,,21
2012-1-5,44,32,19,25,19,12,100,76,36,30.46,30.29,30.07,15,12,10,17,1,,0.00,1,,358
2012-1-6,41,30,19,27,22,18,100,81,45,30.23,30.14,30.03,15,10,7,8,3,,0.00,1,,104
2012-1-7,35,30,26,30,27,21,93,82,64,30.31,30.13,29.99,15,9,1,17,8,24,0.00,5,Snow,320
2012-1-8,32,26,21,25,21,18,93,81,64,30.46,30.39,30.31,15,13,10,14,6,,0.00,5,,288
2012-1-9,33,25,17,25,19,16,100,85,60,30.50,30.44,30.35,15,11,10,6,3,,0.00,0,,150
2012-1-10,37,26,15,28,22,12,100,85,60,30.30,30.19,30.10,15,8,4,7,2,,0.00,2,,17
2012-1-11,35,26,17,27,18,10,100,73,44,30.38,30.29,30.15,15,10,5,18,7,23,0.00,1,,314
2012-1-12,32,23,14,16,12,9,93,73,41,30.39,30.36,30.30,15,11,10,8,3,,0.00,0,,144
2012-1-13,35,24,12,18,11,7,93,69,35,30.45,30.38,30.36,15,12,10,9,2,,0.00,0,,141
2012-1-14,51,33,15,21,14,9,86,63,26,30.38,30.23,30.06,15,11,10,7,2,,0.00,0,,121
2012-1-15,53,38,24,18,12,3,64,38,14,30.05,29.90,29.71,15,12,10,29,8,34,0.00,2,,135
2012-1-16,44,29,14,21,14,1,80,53,31,30.22,29.90,29.68,15,10,8,32,19,38,0.00,2,Snow,277
2012-1-17,33,20,8,18,9,3,86,69,32,30.31,30.22,30.15,15,12,10,14,5,,0.00,3,,133
2012-1-18,46,35,24,37,22,12,93,66,27,30.17,30.14,30.08,15,11,10,9,2,,0.13,7,Rain,20
2012-1-19,48,40,33,37,32,27,100,82,43,30.13,29.97,29.83,15,11,7,14,3,18,0.13,7,,336
2012-1-20,48,40,33,34,30,28,93,65,46,30.06,29.94,29.87,15,11,10,12,4,,0.00,6,,139
2012-1-21,51,42,32,37,34,27,100,77,41,29.87,29.70,29.45,15,9,1,23,9,34,0.03,7,Rain-Snow,117
2012-1-22,35,30,26,25,23,18,86,72,48,30.15,30.02,29.84,15,12,10,16,7,,0.03,3,,357
2012-1-23,39,32,26,32,26,21,100,80,61,30.03,29.94,29.78,15,8,1,16,7,23,0.01,6,Snow,138
2012-1-24,35,30,24,30,27,19,100,87,70,30.42,30.22,29.97,15,11,5,12,1,,0.05,5,,186
2012-1-25,37,32,26,28,25,21,93,82,60,30.50,30.43,30.36,15,11,10,8,4,,0.00,5,,145
2012-1-26,39,32,26,36,30,25,100,90,70,30.36,30.23,30.06,15,11,7,14,3,,0.00,6,Rain,120
2012-1-27,37,30,23,34,23,18,93,69,52,30.52,30.32,30.12,15,11,10,21,10,21,0.00,2,,314
2012-1-28,33,25,17,25,18,14,93,80,56,30.61,30.54,30.51,15,11,10,8,2,,0.00,1,,128
2012-1-29,35,28,21,27,19,12,100,76,48,30.55,30.41,30.18,15,12,10,12,2,,0.00,2,,131
2012-1-30,41,31,21,27,22,18,100,80,49,30.17,30.09,30.01,15,12,9,14,3,,0.00,2,,6
2012-1-31,39,30,21,27,23,18,100,84,56,30.24,30.14,30.10,15,10,4,6,1,,0.00,1,,214
2012-2-1,44,34,23,34,26,19,100,82,46,30.24,30.16,30.03,15,10,2,12,4,17,0.01,4,Rain,121
2012-2-2,39,34,28,32,30,27,100,87,70,30.13,30.09,30.06,15,8,2,18,7,,0.01,6,,330
2012-2-3,42,33,24,30,23,19,100,76,42,30.28,30.20,30.13,15,11,7,13,4,,0.00,1,,346
2012-2-4,42,32,21,19,18,14,93,62,34,30.35,30.29,30.26,15,12,10,10,4,,0.00,0,,328
2012-2-5,39,29,19,25,18,12,86,64,48,30.30,30.26,30.17,15,12,10,12,4,,0.00,1,,335
2012-2-6,39,32,24,25,21,18,86,68,45,30.24,30.21,30.17,15,13,10,12,4,,0.00,1,,119
2012-2-7,42,32,21,23,19,14,93,64,36,30.24,30.20,30.12,15,12,10,14,5,,0.00,1,,211
2012-2-8,42,38,32,34,25,19,93,66,42,30.38,30.26,30.16,15,10,2,12,2,,0.00,7,,156
2012-2-9,39,32,26,34,30,25,100,89,75,30.40,30.36,30.31,15,5,0,5,1,,0.00,7,,197
2012-2-10,53,42,32,36,32,28,100,84,47,30.31,30.22,30.11,15,8,3,6,2,,0.00,5,,191
2012-2-11,57,42,26,36,29,25,93,69,33,30.12,29.97,29.83,15,12,10,14,5,21,0.00,3,,216
2012-2-12,41,36,32,37,34,30,100,94,81,29.87,29.83,29.79,15,7,1,13,4,,0.30,7,Rain-Snow,153
2012-2-13,42,36,30,36,32,30,100,90,61,29.86,29.82,29.75,15,6,1,7,2,,0.00,6,,90
2012-2-14,39,34,30,34,32,28,100,92,70,29.88,29.81,29.75,15,8,0,9,3,,0.00,6,,108
2012-2-15,39,34,30,34,31,27,100,86,65,30.13,29.96,29.85,10,10,3,9,4,,0.00,5,Snow,175
2012-2-16,42,35,28,34,28,23,100,82,53,30.32,30.25,30.14,15,10,0,14,4,,0.00,5,,321
2012-2-17,39,32,24,27,24,19,93,82,56,30.30,30.25,30.20,15,11,9,9,5,,0.00,2,,132
2012-2-18,44,34,23,34,25,18,93,77,43,30.22,30.07,29.89,15,11,8,10,3,,0.00,3,,142
2012-2-19,35,32,28,34,25,18,100,80,52,30.03,29.90,29.83,15,9,3,29,12,31,0.03,7,Rain,314
2012-2-20,37,28,19,25,21,16,100,77,44,30.16,30.09,30.01,15,11,3,9,4,,0.00,4,,160
2012-2-21,44,37,30,36,27,21,87,70,49,30.22,30.18,30.13,15,11,9,9,3,,0.00,7,,130
2012-2-22,55,46,37,37,35,34,100,75,44,30.22,30.06,29.84,15,11,9,20,4,32,0.01,7,,273
2012-2-23,42,35,26,36,19,10,76,53,35,30.24,30.08,29.88,15,12,10,32,21,43,0.01,4,,329
2012-2-24,42,32,21,28,19,9,86,67,25,30.38,30.27,30.11,15,12,10,8,4,16,0.00,0,,138
2012-2-25,48,38,28,25,18,10,64,50,31,30.14,29.99,29.82,15,12,10,29,12,44,0.00,1,,265
2012-2-26,35,27,19,21,12,3,80,55,28,30.24,30.11,29.91,15,12,10,12,7,,0.00,0,,340
2012-2-27,53,42,32,34,18,9,100,48,24,29.91,29.79,29.68,15,10,1,18,7,22,0.01,7,Rain-Snow,129
2012-2-28,35,32,28,34,30,25,100,90,70,30.06,29.84,29.65,15,9,2,13,4,,0.28,5,Snow,216
2012-2-29,46,37,28,30,27,25,93,74,43,30.06,29.96,29.77,15,9,1,17,7,29,0.01,5,Snow,133
2012-3-1,37,30,24,28,24,19,93,81,52,29.94,29.90,29.86,15,10,2,16,7,18,0.01,5,,172
2012-3-2,30,27,24,25,19,10,93,75,47,30.39,30.18,29.92,15,9,1,25,17,33,0.02,6,,299
2012-3-3,37,30,23,28,21,16,86,71,44,30.50,30.43,30.39,15,12,10,7,3,,0.00,7,,102
2012-3-4,48,37,26,32,27,23,93,76,43,30.46,30.38,30.24,15,12,10,7,2,,0.00,2,,199
2012-3-5,64,46,28,32,27,21,87,63,26,30.23,30.07,29.83,15,12,10,13,4,,0.00,1,,131
2012-3-6,57,42,28,28,22,18,86,43,24,29.82,29.63,29.38,15,11,5,31,13,34,0.00,4,,228
2012-3-7,42,35,28,25,21,18,86,66,48,30.31,29.90,29.62,15,11,10,21,14,26,0.00,5,,331
2012-3-8,44,34,24,28,22,18,93,69,36,30.56,30.45,30.32,15,12,10,9,3,,0.00,0,,5
2012-3-9,51,37,23,28,24,19,93,72,35,30.56,30.43,30.21,15,11,10,8,2,,0.00,0,,116
2012-3-10,59,42,24,32,26,19,93,70,27,30.21,30.07,29.90,15,10,10,10,2,,0.00,0,,115
2012-3-11,62,47,32,39,26,19,75,49,23,29.98,29.86,29.77,15,12,10,16,6,18,0.00,1,,164
2012-3-12,64,54,44,30,25,19,46,35,26,29.99,29.91,29.86,15,12,10,17,6,25,0.00,1,,179
2012-3-13,64,52,41,37,25,21,87,36,24,29.96,29.91,29.82,15,11,10,18,9,26,0.00,3,,149
2012-3-14,62,54,46,34,28,21,54,40,26,30.10,30.01,29.96,15,12,10,15,6,21,0.00,4,,183
2012-3-15,66,56,46,39,33,16,66,50,17,30.16,30.08,29.99,15,12,10,12,5,,0.00,6,,127
2012-3-16,64,52,41,37,33,28,70,49,34,30.00,29.87,29.72,15,12,10,18,7,22,0.00,3,,151
2012-3-17,60,53,46,36,32,28,66,44,34,29.72,29.59,29.47,15,12,10,33,10,52,0.00,6,Rain,148
2012-3-18,51,42,32,37,32,28,93,76,41,29.59,29.48,29.37,15,8,2,30,14,39,0.14,7,Rain-Snow-Thunderstorm,169
2012-3-19,39,34,30,30,27,21,100,76,52,29.96,29.74,29.59,15,10,1,23,15,30,0.00,6,Thunderstorm,254
2012-3-20,42,34,26,28,25,19,93,72,42,30.20,30.09,29.97,15,12,10,15,7,18,0.00,4,,1
2012-3-21,57,47,37,36,30,27,93,60,31,30.21,30.15,30.08,15,12,10,9,5,,0.00,4,,174
2012-3-22,69,51,33,39,31,28,87,57,21,30.08,30.00,29.88,15,12,10,14,4,,0.00,1,,145
2012-3-23,68,56,44,37,32,27,71,43,28,30.03,29.95,29.90,15,12,10,17,7,17,0.00,2,,159
2012-3-24,68,56,44,45,34,30,71,48,26,30.07,30.01,29.93,15,12,10,15,6,,0.00,2,,149
2012-3-25,69,58,48,37,31,27,54,37,23,29.94,29.85,29.71,15,12,10,17,9,,0.00,2,,156
2012-3-26,55,46,37,34,28,25,87,44,33,30.00,29.78,29.66,15,12,10,28,9,34,0.00,4,,152
2012-3-27,59,47,35,37,32,27,75,54,29,30.11,30.01,29.96,15,13,10,9,3,,0.00,4,,137
2012-3-28,62,50,39,39,32,25,71,54,25,30.00,29.97,29.92,15,12,10,14,7,17,0.00,4,,136
2012-3-29,60,48,37,41,37,34,93,71,36,30.10,30.05,29.98,15,12,10,17,7,18,0.00,2,,319
2012-3-30,71,55,39,41,35,30,81,58,27,30.05,29.98,29.91,15,12,10,9,4,,0.00,2,,119
2012-3-31,75,60,46,37,35,27,66,46,22,29.94,29.82,29.62,15,11,8,20,8,28,0.00,1,,158
2012-4-1,60,48,37,32,28,18,75,48,31,30.00,29.77,29.63,15,11,10,30,11,41,0.00,3,,284
2012-4-2,50,42,33,30,19,12,70,44,36,30.11,30.05,30.00,15,11,10,25,18,38,0.00,1,,322
2012-4-3,57,44,30,36,29,23,81,63,33,30.16,30.07,29.98,15,12,10,10,4,,0.00,0,,145
2012-4-4,69,55,41,36,30,25,76,45,21,29.98,29.85,29.69,15,12,10,18,8,20,0.00,1,,164
2012-4-5,57,48,39,36,31,27,71,56,36,29.85,29.74,29.62,15,12,10,17,10,23,0.00,2,,320
2012-4-6,48,38,28,30,27,18,100,68,42,30.29,29.97,29.68,15,9,0,20,10,26,0.00,3,Snow,307
2012-4-7,60,42,24,34,24,18,86,62,25,30.41,30.30,30.21,15,12,10,15,4,,0.00,0,,160
2012-4-8,71,50,30,34,26,12,75,50,12,30.29,30.22,30.11,15,12,10,12,3,,0.00,0,,288
2012-4-9,75,56,37,41,30,19,66,48,13,30.16,30.09,29.98,15,12,10,8,3,,0.00,0,,178
2012-4-10,77,60,42,43,32,21,70,47,13,30.05,29.97,29.83,15,12,10,13,4,,0.00,2,,147
2012-4-11,69,56,44,43,29,19,82,42,20,29.86,29.80,29.67,15,11,8,23,13,37,0.02,3,Rain,155
2012-4-12,48,42,37,46,34,30,100,67,50,29.94,29.89,29.85,15,11,10,18,9,28,0.00,4,,184
2012-4-13,53,44,35,37,34,28,100,75,38,29.95,29.85,29.69,15,11,10,12,4,18,0.00,4,,166
2012-4-14,53,45,37,39,35,30,93,76,47,29.82,29.67,29.61,15,12,5,16,9,21,0.03,4,Rain,337
2012-4-15,53,43,33,37,33,19,100,73,28,30.11,29.98,29.82,15,11,9,13,6,,0.00,3,,59
2012-4-16,62,50,39,36,28,21,65,48,27,30.27,30.18,30.12,15,12,10,16,7,21,0.00,2,,83
2012-4-17,53,48,42,43,36,30,87,66,50,30.28,30.17,30.12,15,11,8,14,6,,0.00,3,Rain,136
2012-4-18,55,48,42,46,41,37,100,77,58,30.11,30.06,30.02,15,11,10,18,5,25,0.00,3,,107
2012-4-19,57,49,41,45,41,37,100,86,59,30.20,30.11,30.05,15,12,8,9,2,,0.00,3,Rain,150
2012-4-20,66,55,44,45,42,37,81,55,42,30.32,30.26,30.20,15,15,15,9,4,,0.00,4,,213
2012-4-21,75,60,44,46,40,34,76,49,22,30.26,30.20,30.12,15,15,15,6,3,,0.00,0,,179
2012-4-22,82,64,46,43,37,30,66,35,15,30.21,30.15,30.07,15,15,15,6,3,,0.00,3,,232
2012-4-23,82,70,57,45,40,34,59,37,17,30.13,30.03,29.95,15,13,10,14,4,,0.00,2,,168
2012-4-24,82,66,51,45,38,28,67,42,15,30.03,29.96,29.89,15,12,10,12,4,,0.00,1,,150
2012-4-25,75,65,55,46,40,28,55,42,24,30.07,30.00,29.95,15,12,10,21,7,26,0.00,3,,187
2012-4-26,71,58,44,46,41,36,81,53,27,29.95,29.84,29.68,15,12,7,41,9,55,0.08,4,Rain,136
2012-4-27,51,45,39,37,31,21,87,61,35,30.18,30.10,30.00,15,12,10,25,14,30,0.00,4,,325
2012-4-28,55,44,33,27,22,16,60,43,21,30.19,30.14,30.06,15,12,10,16,8,21,0.00,1,,345
2012-4-29,62,52,41,39,30,23,71,50,26,30.12,30.08,30.05,15,12,10,16,4,,0.00,3,,157
2012-4-30,73,56,39,45,34,28,81,50,20,30.07,29.96,29.76,15,12,10,17,5,26,0.00,3,,152
2012-5-1,68,59,50,46,41,34,87,56,28,29.93,29.80,29.73,15,11,10,24,12,31,0.00,4,Rain,340
2012-5-2,69,60,50,48,42,34,82,61,28,29.90,29.80,29.72,15,12,10,17,6,,0.00,3,,332
2012-5-3,75,63,51,45,42,37,76,54,31,29.90,29.86,29.84,15,12,7,20,5,21,0.00,3,,221
2012-5-4,71,58,46,46,42,36,76,59,27,30.01,29.93,29.88,15,12,10,18,6,18,0.00,2,,319
2012-5-5,59,52,46,45,33,12,72,52,21,30.24,30.11,29.91,15,12,10,30,17,39,0.00,3,,310
2012-5-6,60,48,35,27,23,19,70,34,22,30.28,30.22,30.17,15,14,10,20,10,21,0.00,0,,311
2012-5-7,68,52,37,36,30,27,75,45,24,30.19,30.13,30.05,15,12,10,20,5,28,0.00,1,,9
2012-5-8,73,56,39,37,31,21,75,47,16,30.22,30.15,30.08,15,12,10,13,5,,0.00,0,,335
2012-5-9,80,61,42,43,34,25,71,47,13,30.15,30.05,29.91,15,12,10,12,3,,0.00,0,,144
2012-5-10,71,58,46,39,34,30,62,43,27,29.98,29.92,29.89,15,12,10,23,7,34,0.00,1,,109
2012-5-11,69,56,44,36,32,25,66,41,20,30.14,30.10,30.06,15,14,10,14,6,,0.00,2,,293
2012-5-12,71,55,39,36,29,25,65,32,17,30.28,30.23,30.19,15,13,10,16,8,20,0.00,0,,308
2012-5-13,73,56,39,39,32,25,62,45,20,30.33,30.26,30.20,15,12,10,14,5,,0.00,0,,84
2012-5-14,80,61,42,48,36,21,70,50,11,30.31,30.20,30.05,15,12,10,9,4,,0.00,0,,142
2012-5-15,87,66,46,43,34,25,76,39,10,30.11,30.03,29.91,15,12,10,14,4,20,0.00,1,,220
2012-5-16,82,68,55,46,38,30,54,37,17,30.00,29.96,29.91,15,11,8,17,7,,0.00,2,,119
2012-5-17,80,65,50,43,40,34,71,43,18,29.93,29.83,29.65,15,12,10,20,6,38,0.00,3,,101
2012-5-18,66,57,48,46,41,36,87,58,35,29.99,29.78,29.61,15,11,7,24,8,34,0.00,2,Rain-Thunderstorm,329
2012-5-19,71,55,39,45,38,19,93,64,17,30.12,30.06,29.99,15,12,9,14,5,,0.00,0,,125
2012-5-20,82,62,42,46,37,25,76,48,13,30.20,30.13,30.07,15,12,10,9,4,,0.00,1,,144
2012-5-21,89,68,48,48,38,30,66,40,12,30.15,30.06,29.89,15,12,10,9,3,,0.00,1,,161
2012-5-22,84,70,57,45,38,27,51,31,14,29.97,29.84,29.68,15,12,10,21,9,26,0.00,2,,283
2012-5-23,64,58,51,45,34,27,50,41,29,29.87,29.81,29.73,15,12,10,30,17,40,0.00,3,,325
2012-5-24,66,54,42,34,28,19,70,40,20,29.88,29.73,29.49,15,12,8,12,6,,0.00,2,,330
2012-5-25,75,64,53,46,34,27,55,36,25,29.56,29.46,29.41,15,10,7,21,10,34,0.00,3,,150
2012-5-26,62,55,48,45,37,21,76,55,25,29.89,29.66,29.54,15,11,10,23,9,43,0.00,6,,202
2012-5-27,59,52,44,39,35,32,71,58,38,30.12,30.00,29.90,15,12,10,21,11,30,0.00,5,Rain,202
2012-5-28,69,53,37,48,35,25,87,63,21,30.17,30.11,30.04,15,12,10,7,3,,0.00,0,,120
2012-5-29,82,62,42,52,37,25,76,49,12,30.09,30.03,29.96,15,12,9,10,3,,0.00,1,,171
2012-5-30,78,62,46,45,38,30,71,47,20,30.16,30.09,30.01,15,12,10,14,4,23,0.00,1,,126
2012-5-31,80,64,48,46,42,39,82,51,26,30.20,30.13,30.05,15,12,10,12,4,,0.00,0,,218
2012-6-1,84,67,50,54,47,43,77,56,25,30.12,30.04,29.93,15,12,8,9,3,,0.00,1,,185
2012-6-2,89,74,59,52,46,37,67,45,17,29.93,29.86,29.77,15,12,9,10,5,,0.00,2,,151
2012-6-3,91,73,55,54,46,36,68,45,15,30.00,29.91,29.84,15,11,5,9,5,,0.00,1,,174
2012-6-4,93,76,60,52,41,34,59,34,12,29.95,29.87,29.70,15,11,10,16,5,30,0.00,1,,148
2012-6-5,82,66,48,46,37,25,55,40,21,30.09,29.81,29.62,15,11,7,26,11,38,0.00,2,,135
2012-6-6,64,52,39,34,32,27,75,51,26,30.16,30.10,30.03,15,12,10,17,7,23,0.00,2,,344
2012-6-7,73,58,42,45,35,25,81,50,18,30.16,30.08,29.97,15,11,2,9,5,,0.00,0,,263
2012-6-8,87,66,46,43,35,30,66,37,14,29.96,29.83,29.66,15,12,10,18,5,28,0.00,1,,149
2012-6-9,75,63,51,45,33,21,59,37,19,30.09,29.85,29.66,15,12,10,34,16,46,0.00,1,,317
2012-6-10,64,52,39,37,29,23,70,45,24,30.20,30.16,30.10,15,11,10,15,8,,0.00,0,,8
2012-6-11,75,58,42,45,34,23,71,50,15,30.25,30.19,30.12,15,11,9,9,4,,0.00,1,,151
2012-6-12,86,66,46,43,36,27,67,43,12,30.16,30.07,29.93,15,11,4,9,4,,0.00,1,,167
2012-6-13,86,67,48,52,40,27,66,42,13,29.96,29.90,29.82,15,12,10,13,5,17,0.00,0,,3
2012-6-14,82,68,53,48,43,39,67,45,21,30.01,29.92,29.86,15,12,10,16,8,21,0.00,0,,318
2012-6-15,84,70,55,48,43,34,63,45,16,30.06,29.94,29.87,15,12,10,24,7,31,0.00,1,,114
2012-6-16,82,68,53,52,44,36,67,48,19,30.19,30.11,30.05,15,12,8,13,6,,0.00,0,,77
2012-6-17,95,74,53,54,42,32,67,42,12,30.09,29.99,29.78,15,12,10,17,5,30,0.00,0,,145
2012-6-18,91,78,66,54,40,28,43,27,14,29.87,29.77,29.62,15,12,6,23,14,28,0.00,1,,233
2012-6-19,78,68,59,48,38,30,43,35,17,29.97,29.87,29.76,15,12,7,25,14,32,0.00,0,,313
2012-6-20,75,64,53,41,33,23,51,35,14,30.19,30.10,29.97,15,11,4,26,15,34,0.00,0,,325
2012-6-21,95,72,50,57,39,30,62,43,12,30.14,30.07,29.82,15,12,10,9,4,,0.00,1,,173
2012-6-22,93,78,62,48,41,34,39,23,12,29.89,29.80,29.72,15,14,10,18,9,,0.00,1,,190
2012-6-23,96,76,57,48,37,30,38,21,11,29.83,29.80,29.76,15,14,10,21,10,,0.00,0,,163
2012-6-24,91,76,62,54,41,34,39,23,13,30.04,29.99,29.95,15,15,15,12,5,,0.00,3,,184
2012-6-25,96,84,71,55,45,39,37,25,17,30.06,29.97,29.84,15,15,15,14,7,,0.00,2,,128
2012-6-26,89,78,66,46,44,39,43,31,21,29.95,29.89,29.83,15,13,3,17,11,,0.00,0,,290
2012-6-27,89,72,55,66,44,32,78,44,14,30.07,30.00,29.93,15,12,10,17,10,17,0.00,1,,270
2012-6-28,93,75,57,52,43,36,55,36,18,30.12,30.05,30.00,15,12,10,14,5,,0.00,1,,128
2012-6-29,95,78,62,52,44,37,56,32,13,30.12,30.05,29.94,15,12,10,13,5,,0.00,1,,121
2012-6-30,96,78,59,55,42,30,59,37,10,30.05,29.97,29.86,15,11,7,10,5,,0.00,1,,120
2012-7-1,93,75,57,48,41,30,51,35,11,29.95,29.90,29.85,15,11,10,12,6,,0.00,1,,118
2012-7-2,93,75,57,55,44,34,63,39,12,30.02,29.94,29.88,15,12,10,12,4,,0.00,0,,103
2012-7-3,93,76,60,46,43,37,55,37,15,30.00,29.94,29.84,15,12,10,12,6,,0.00,1,,120
2012-7-4,93,76,60,55,44,37,48,28,14,30.01,29.93,29.84,15,15,15,14,6,,0.00,3,,305
2012-7-5,73,68,62,61,57,54,88,70,50,30.13,30.08,29.99,15,12,5,20,9,25,0.00,6,Rain,233
2012-7-6,82,70,57,63,56,54,94,56,42,30.23,30.17,30.11,15,15,15,10,4,,0.00,1,,221
2012-7-7,89,76,62,59,55,52,82,48,27,30.22,30.17,30.13,15,15,15,16,6,28,0.00,2,,176
2012-7-8,91,76,60,57,54,50,77,43,24,30.24,30.19,30.12,15,15,15,12,4,,0.00,1,,241
2012-7-9,95,84,73,55,50,45,47,29,18,30.21,30.12,30.05,15,15,15,10,4,,0.00,2,,292
2012-7-10,93,80,68,55,49,43,49,31,21,30.15,30.08,30.01,15,13,10,14,3,17,0.00,2,,229
2012-7-11,98,84,71,57,48,43,47,34,15,30.16,30.07,29.96,15,12,10,16,7,21,0.00,2,,166
2012-7-12,98,81,64,64,52,46,64,40,17,30.11,30.04,29.98,15,12,10,12,5,,0.00,1,,131
2012-7-13,87,78,68,61,54,46,78,50,33,30.18,30.10,30.05,15,10,8,31,6,45,0.02,3,Rain,122
2012-7-14,78,72,66,61,57,54,69,58,42,30.12,30.08,30.01,15,12,10,22,10,25,0.02,5,,150
2012-7-15,75,70,62,61,57,54,78,70,53,30.10,30.06,30.01,15,11,2,15,8,,0.00,2,,140
2012-7-16,87,74,60,57,54,46,88,63,25,30.07,30.03,29.94,15,11,5,26,7,40,0.00,2,Rain-Thunderstorm,132
2012-7-17,87,72,57,55,50,43,82,54,21,30.10,30.04,29.86,15,12,9,17,8,,0.00,1,,148
2012-7-18,91,74,57,54,48,37,72,46,17,30.14,30.07,30.02,15,12,8,7,4,,0.00,2,,133
2012-7-19,86,72,57,57,49,36,77,52,17,30.21,30.16,30.10,15,12,8,9,4,,0.00,2,,135
2012-7-20,89,76,62,61,54,46,69,54,24,30.23,30.20,30.16,15,12,10,18,4,32,0.00,2,,137
2012-7-21,89,76,62,57,55,48,77,54,25,30.23,30.18,30.12,15,12,10,17,6,23,0.00,2,,133
2012-7-22,91,78,66,59,54,50,64,47,24,30.19,30.16,30.05,15,12,10,25,7,,0.00,2,,128
2012-7-23,87,74,62,59,55,52,73,56,31,30.22,30.16,30.07,15,12,5,18,5,,0.00,1,,119
2012-7-24,86,76,66,63,58,50,73,58,30,30.14,30.07,29.99,15,12,7,23,8,40,0.01,4,Rain-Thunderstorm,145
2012-7-25,87,74,62,61,56,48,78,60,25,30.13,30.07,30.02,15,12,10,15,7,,0.00,2,,139
2012-7-26,96,79,62,57,51,39,68,48,14,30.12,30.05,29.96,15,12,5,12,4,,0.00,1,,157
2012-7-27,91,78,66,54,49,45,53,38,23,30.14,30.06,30.01,15,12,10,24,7,23,0.00,2,Rain-Thunderstorm,124
2012-7-28,93,78,64,54,50,48,56,39,24,30.18,30.12,30.08,15,12,10,28,12,39,0.00,1,,144
2012-7-29,91,80,68,54,50,41,53,39,17,30.19,30.13,30.05,15,12,10,21,10,30,0.00,2,,125
2012-7-30,93,80,66,54,52,45,60,44,19,30.17,30.13,30.08,15,12,10,31,11,44,0.00,3,,141
2012-7-31,89,76,64,61,53,50,64,50,26,30.20,30.14,29.94,20,12,10,17,7,,0.00,2,,138
2012-8-1,89,76,64,61,51,48,64,43,24,30.22,30.15,30.07,15,12,10,18,8,,0.00,2,,141
2012-8-2,93,78,62,61,49,39,68,43,15,30.16,30.08,29.98,15,12,5,15,8,,0.00,1,,141
2012-8-3,89,73,57,52,45,39,67,41,18,30.08,30.01,29.96,15,12,7,12,5,,0.00,0,,59
2012-8-4,89,73,57,59,45,36,52,40,21,30.14,30.08,30.01,15,12,10,12,5,,0.00,1,,124
2012-8-5,93,76,60,61,49,43,65,44,17,30.22,30.17,30.13,15,12,10,10,6,,0.00,1,,131
2012-8-6,91,78,66,63,55,43,83,54,18,30.31,30.24,30.19,15,11,2,14,5,17,0.02,3,,114
2012-8-7,91,75,59,55,49,43,67,46,22,30.28,30.21,30.12,15,12,5,10,3,,0.00,0,,142
2012-8-8,98,79,60,55,48,37,63,40,13,30.23,30.17,30.09,15,11,10,17,4,23,0.00,1,,131
2012-8-9,91,80,69,63,55,52,65,47,28,30.23,30.16,30.08,15,11,9,12,6,,0.00,1,,148
2012-8-10,93,81,69,57,53,48,57,43,24,30.14,30.09,30.00,15,12,10,20,7,30,0.00,4,,81
2012-8-11,89,76,62,61,57,52,88,60,29,30.20,30.13,30.06,15,12,8,13,6,17,0.02,2,,143
2012-8-12,87,73,59,59,49,37,67,45,21,30.18,30.13,30.07,15,11,10,12,5,,0.00,2,,65
2012-8-13,87,78,68,57,55,54,64,50,33,30.18,30.13,30.07,15,12,10,17,6,25,0.00,3,,134
2012-8-14,86,75,64,61,55,48,73,57,31,30.15,30.09,30.00,15,12,5,8,4,,0.00,1,,152
2012-8-15,91,75,59,61,51,45,72,51,20,30.07,30.02,29.97,15,11,5,17,4,29,0.00,1,,137
2012-8-16,91,75,59,64,51,45,68,50,21,30.11,30.06,30.02,15,11,10,10,3,,0.00,1,,147
2012-8-17,91,78,64,54,50,48,64,46,23,30.15,30.08,30.01,15,12,10,12,3,17,0.00,1,,112
2012-8-18,91,74,57,55,49,39,72,47,16,30.14,30.07,29.97,15,12,7,9,4,,0.00,0,,131
2012-8-19,89,74,59,57,48,45,63,43,22,30.10,30.04,29.98,15,12,10,18,5,22,0.00,2,,283
2012-8-20,87,78,64,59,51,41,57,41,22,30.13,30.08,30.03,15,12,10,20,8,,0.00,2,,286
2012-8-21,89,72,55,61,49,37,67,48,20,30.12,30.06,29.99,15,11,5,15,4,,0.00,2,,153
2012-8-22,82,73,64,54,52,50,68,48,35,30.09,30.05,30.00,15,12,10,17,6,24,0.00,4,,131
2012-8-23,82,74,66,57,54,52,68,54,35,30.08,30.02,29.94,15,12,10,9,5,,0.00,2,,133
2012-8-24,84,72,60,55,53,46,72,53,30,30.06,30.00,29.94,15,12,10,13,6,17,0.00,1,Thunderstorm,134
2012-8-25,87,72,57,57,47,39,63,48,25,30.07,30.02,29.96,15,12,10,28,6,39,0.01,2,,124
2012-8-26,89,73,57,57,52,48,82,58,24,30.12,30.07,30.02,15,12,1,23,5,34,0.00,2,,138
2012-8-27,91,76,62,57,52,48,72,51,23,30.23,30.15,30.09,15,12,10,14,5,,0.00,4,,137
2012-8-28,93,78,64,54,51,45,68,44,19,30.22,30.15,30.04,15,12,10,17,6,23,0.00,1,,135
2012-8-29,95,80,64,55,50,45,59,38,19,30.11,30.03,29.95,15,14,10,12,6,,0.00,2,,144
2012-8-30,89,76,64,59,52,48,68,51,25,30.07,30.02,29.94,15,12,10,14,3,,0.06,2,Rain,295
2012-8-31,82,72,62,59,54,50,77,61,32,30.12,30.06,30.03,15,12,10,23,6,29,0.06,3,Rain-Thunderstorm,135
2012-9-1,77,68,60,59,56,50,94,73,44,30.17,30.11,30.04,15,12,3,29,8,52,0.23,4,Thunderstorm,115
2012-9-2,84,70,55,59,53,45,94,66,25,30.21,30.14,30.07,15,12,10,15,5,,0.00,2,,349
2012-9-3,89,73,57,55,47,32,72,50,14,30.20,30.14,30.08,15,13,10,10,3,,0.00,2,,113
2012-9-4,87,70,53,52,39,28,67,40,15,30.18,30.13,30.09,15,12,10,10,5,,0.00,0,,119
2012-9-5,87,69,51,54,41,34,62,41,15,30.19,30.12,30.03,15,12,10,8,5,,0.00,0,,138
2012-9-6,87,74,60,57,45,37,77,49,26,30.16,30.07,29.98,15,12,10,18,6,,0.00,2,Rain-Thunderstorm,128
2012-9-7,78,64,51,55,49,39,88,66,30,30.30,30.23,30.18,15,12,10,10,4,14,0.00,0,,129
2012-9-8,82,66,50,54,42,30,72,47,15,30.35,30.26,30.17,15,12,10,8,4,,0.00,0,,121
2012-9-9,89,71,53,52,40,36,58,39,16,30.22,30.14,30.01,16,12,5,10,5,17,0.00,1,,132
2012-9-10,86,73,60,55,47,39,68,45,25,30.09,30.04,29.96,15,12,10,23,7,34,0.00,3,Thunderstorm,134
2012-9-11,75,68,60,55,52,46,77,61,41,30.12,30.06,30.03,15,12,7,15,7,,0.00,3,,182
2012-9-12,75,63,51,52,41,27,82,53,17,30.32,30.21,30.12,15,12,10,14,4,,0.00,0,,69
2012-9-13,75,60,44,45,35,27,66,48,27,30.46,30.39,30.33,15,12,8,9,4,,0.00,0,,126
2012-9-14,80,63,46,48,40,32,71,51,23,30.41,30.33,30.23,15,12,8,12,3,,0.00,0,,155
2012-9-15,86,68,51,48,37,32,58,42,14,30.32,30.26,30.14,15,12,10,9,4,,0.00,1,,115
2012-9-16,84,68,51,54,37,30,67,38,14,30.22,30.13,30.06,15,12,10,10,5,,0.00,1,,92
2012-9-17,77,66,55,45,39,32,51,38,24,30.21,30.14,30.08,15,11,10,14,9,18,0.00,1,,298
2012-9-18,77,60,44,46,38,30,67,53,18,30.31,30.23,30.17,10,9,6,7,3,,0.00,0,,121
2012-9-19,78,61,44,46,39,34,71,52,23,30.28,30.22,30.16,15,11,10,9,3,,0.00,1,,348
2012-9-20,78,62,46,45,38,34,71,50,20,30.27,30.21,30.15,15,12,10,9,2,,0.00,0,,140
2012-9-21,82,63,44,55,39,30,76,50,15,30.25,30.19,30.10,15,11,10,9,3,,0.00,0,,132
2012-9-22,84,64,44,57,39,30,66,47,27,30.23,30.15,30.09,15,12,10,9,3,,0.00,1,,140
2012-9-23,80,70,59,50,42,36,63,42,26,30.16,30.11,30.05,15,12,9,12,4,21,0.04,4,,108
2012-9-24,69,62,53,54,49,45,82,61,40,30.15,30.08,30.03,15,12,10,15,7,22,0.00,6,,271
2012-9-25,60,56,51,50,48,45,94,80,55,30.10,30.09,30.06,15,11,10,12,5,,0.29,7,,124
2012-9-26,69,60,50,54,49,46,94,76,43,30.15,30.11,30.08,15,12,10,8,3,,0.06,3,,151
2012-9-27,71,60,50,52,48,45,88,70,43,30.23,30.17,30.13,15,12,10,8,3,,0.00,2,,149
2012-9-28,75,62,50,52,46,39,82,63,27,30.20,30.14,30.06,15,12,10,12,3,,0.00,0,,138
2012-9-29,78,62,46,52,44,39,82,62,24,30.23,30.18,30.12,15,12,10,8,2,,0.00,1,,156
2012-9-30,77,62,48,45,40,36,82,56,26,30.31,30.26,30.22,15,12,10,12,3,,0.00,0,,118
2012-10-1,75,60,46,46,42,34,72,60,34,30.34,30.26,30.17,15,11,10,9,3,,0.00,0,,126
2012-10-2,75,60,44,48,41,37,82,65,27,30.17,30.12,29.99,15,12,10,6,1,,0.00,0,,139
2012-10-3,73,58,44,43,35,25,76,49,18,30.15,30.06,29.99,15,12,10,18,6,,0.00,0,,320
2012-10-4,73,56,39,39,32,25,62,46,27,30.18,30.11,30.01,15,12,10,17,7,,0.00,0,,355
2012-10-5,62,50,37,34,26,19,65,37,22,30.23,30.15,30.06,15,12,10,18,8,25,0.00,1,,331
2012-10-6,60,46,33,30,25,19,75,48,23,30.23,30.17,30.10,15,12,10,15,4,18,0.00,0,,342
2012-10-7,60,46,33,43,26,16,93,54,20,30.25,30.17,30.11,15,12,10,10,6,,0.00,0,,134
2012-10-8,66,49,32,41,27,19,71,53,26,30.14,30.07,29.96,15,12,10,9,3,,0.00,0,,139
2012-10-9,73,56,39,43,34,27,81,56,18,30.08,30.02,29.98,15,12,10,10,4,,0.00,0,,24
2012-10-10,75,60,44,48,37,30,72,50,25,30.11,30.05,29.95,15,12,10,25,2,39,0.00,2,,179
2012-10-11,73,60,46,48,42,36,82,59,30,30.04,29.99,29.92,15,12,10,12,3,18,0.00,2,,167
2012-10-12,60,53,46,48,42,36,87,71,42,30.10,29.99,29.93,15,12,8,28,6,33,0.02,5,,165
2012-10-13,55,50,44,48,43,41,93,82,63,30.32,30.20,30.11,15,12,10,10,4,,0.07,7,,160
2012-10-14,64,52,39,46,41,36,100,79,34,30.42,30.33,30.26,15,12,10,7,2,,0.00,0,,131
2012-10-15,68,52,37,46,40,36,93,73,40,30.25,30.16,30.06,15,12,10,8,2,,0.00,1,,146
2012-10-16,73,58,42,46,40,28,81,64,31,30.07,30.00,29.78,15,12,7,44,5,55,0.00,3,Rain,43
2012-10-17,55,47,37,30,27,21,75,45,26,30.25,30.19,30.09,15,12,10,15,10,18,0.00,0,,308
2012-10-18,60,46,32,36,26,18,81,57,20,30.37,30.29,30.24,15,12,10,8,2,,0.00,0,,115
2012-10-19,64,48,33,39,31,23,76,59,31,30.25,30.11,29.97,15,12,10,9,4,,0.00,1,,124
2012-10-20,75,57,39,39,34,28,81,53,22,29.97,29.84,29.69,15,12,10,16,3,22,0.00,1,,98
2012-10-21,66,55,44,46,38,28,82,52,26,29.83,29.79,29.77,15,12,10,12,4,,0.00,2,,226
2012-10-22,66,62,57,43,40,37,59,45,37,29.80,29.75,29.67,15,11,8,29,15,38,0.00,4,,185
2012-10-23,60,51,41,39,36,34,81,62,42,29.93,29.83,29.71,15,12,10,31,21,38,0.00,5,,275
2012-10-24,44,38,32,36,32,28,93,79,57,30.12,30.01,29.93,15,11,10,24,14,31,0.01,6,Rain,316
2012-10-25,42,35,28,36,29,27,100,83,53,30.41,30.22,30.11,15,11,4,22,6,23,0.00,3,Snow,105
2012-10-26,48,36,24,30,25,19,93,72,37,30.49,30.37,30.21,15,12,10,9,4,,0.00,2,,112
2012-10-27,53,42,30,36,28,19,80,66,30,30.25,30.20,30.16,15,12,10,7,2,,0.00,3,,127
2012-10-28,62,48,35,37,32,27,81,61,31,30.25,30.19,30.13,15,12,10,7,3,,0.00,3,,147
2012-10-29,64,50,35,39,35,30,87,69,34,30.25,30.20,30.18,15,12,10,12,2,,0.00,0,,151
2012-10-30,66,52,37,39,34,28,87,65,34,30.25,30.20,30.13,15,12,10,7,1,,0.00,0,,162
2012-10-31,66,52,39,39,32,28,76,53,32,30.21,30.13,30.04,15,12,10,10,4,,0.00,1,,144
2012-11-1,66,56,46,34,30,27,58,41,23,30.06,30.03,29.99,15,12,10,16,8,17,0.00,3,,133
2012-11-2,60,48,37,37,32,27,76,58,36,30.17,30.12,30.05,15,12,10,13,5,,0.00,1,,132
2012-11-3,57,45,33,39,31,28,87,67,38,30.29,30.22,30.17,15,12,10,6,2,,0.00,1,,131
2012-11-4,60,46,33,36,31,27,81,65,31,30.44,30.36,30.30,15,12,10,7,2,,0.00,1,,139
2012-11-5,59,46,33,50,33,28,87,72,41,30.48,30.42,30.37,15,12,10,8,2,,0.00,1,,125
2012-11-6,59,44,30,39,34,27,93,75,45,30.41,30.33,30.22,15,12,10,6,1,,0.00,0,,148
2012-11-7,69,51,33,36,30,25,81,54,23,30.23,30.07,29.94,15,12,10,10,4,,0.00,0,,140
2012-11-8,69,56,42,39,30,21,57,45,21,29.93,29.78,29.64,15,12,10,21,8,34,0.00,3,,161
2012-11-9,68,50,32,41,34,30,100,70,26,29.72,29.64,29.57,10,6,0,17,9,25,0.07,8,Rain-Snow-Thunderstorm,246
2012-11-10,32,28,24,30,25,16,93,82,55,30.00,29.80,29.68,15,9,0,13,6,,0.10,7,Tornado,284
2012-11-11,30,24,17,25,19,12,93,79,47,30.48,30.21,30.01,15,11,6,13,7,,0.00,4,Snow,102
2012-11-12,35,24,12,23,15,7,100,78,48,30.51,30.44,30.09,15,12,10,10,5,,0.00,2,,134
2012-11-13,35,26,17,25,21,14,100,87,65,30.41,30.36,30.21,15,11,6,6,3,,0.00,1,,117
2012-11-14,39,32,24,34,27,21,100,85,61,30.29,30.26,30.21,15,11,4,9,1,,0.00,2,,115
2012-11-15,42,32,23,39,28,21,100,90,66,30.35,30.27,30.19,15,7,2,6,1,,0.00,0,,70
2012-11-16,44,38,32,39,34,28,100,89,66,30.17,30.13,30.10,15,9,2,17,3,,0.01,4,,245
2012-11-17,51,44,37,45,40,36,100,88,76,30.13,30.08,30.01,15,12,10,14,4,,0.11,7,,125
2012-11-18,53,46,39,43,39,34,93,81,58,30.16,30.06,30.01,15,12,10,13,3,,0.00,6,,131
2012-11-19,57,46,35,39,35,32,93,78,41,30.28,30.23,30.17,15,12,10,9,3,,0.00,2,,132
2012-11-20,60,48,35,36,33,28,93,65,31,30.29,30.20,30.09,15,12,10,18,7,20,0.00,2,,140
2012-11-21,62,50,39,36,31,25,81,54,25,30.12,30.06,30.00,15,12,10,22,10,,0.00,3,,152
2012-11-22,46,38,30,36,27,21,86,62,37,30.51,30.34,30.13,15,12,10,24,15,26,0.00,1,,306
2012-11-23,44,35,26,28,25,21,93,76,46,30.54,30.46,30.29,15,12,10,7,3,,0.00,1,,127
2012-11-24,48,37,26,34,27,21,100,79,46,30.35,30.24,30.08,15,12,10,6,1,,0.00,0,,102
2012-11-25,48,37,26,32,27,21,93,76,46,30.14,30.05,30.01,15,11,6,14,4,,0.00,1,,44
2012-11-26,42,34,26,30,26,21,93,82,57,30.31,30.23,30.14,15,11,5,6,1,,0.00,0,,126
2012-11-27,44,34,24,30,24,18,93,75,53,30.34,30.27,30.22,15,12,10,10,3,,0.00,0,,116
2012-11-28,59,44,28,37,26,21,86,59,31,30.25,30.17,30.03,15,12,10,13,4,16,0.00,2,,118
2012-11-29,57,46,35,36,30,25,75,53,38,30.16,30.10,30.07,15,12,10,12,3,,0.00,3,,120
2012-11-30,55,50,46,45,34,30,87,58,44,30.09,30.02,29.94,15,11,10,15,8,17,0.00,7,Rain,124
2012-12-1,55,48,42,41,38,34,81,68,51,30.10,30.04,30.01,15,11,10,15,4,,0.00,4,,103
2012-12-2,55,46,37,41,35,30,87,68,44,30.05,29.95,29.79,15,11,8,29,10,39,0.37,4,,158
2012-12-3,44,37,30,37,30,27,93,76,53,30.32,30.20,30.06,15,12,10,13,5,,0.00,1,,34
2012-12-4,46,37,28,37,31,25,93,78,57,30.39,30.30,30.22,15,11,10,9,3,,0.00,4,,134
2012-12-5,48,42,37,39,37,34,100,82,66,30.22,30.14,30.10,15,10,1,13,2,,0.00,6,,125
2012-12-6,48,42,37,41,38,36,100,89,71,30.10,30.06,29.97,15,7,0,9,1,,0.00,6,Fog,158
2012-12-7,44,40,32,34,27,19,87,61,39,30.22,30.09,30.04,15,15,15,14,7,,0.00,3,,306
2012-12-8,39,34,28,28,24,21,80,70,52,30.06,29.99,29.90,15,12,4,17,10,28,0.00,7,Snow,310
2012-12-9,30,27,24,21,18,16,86,71,60,30.34,30.27,30.18,15,13,2,17,10,,0.00,6,Snow,318
2012-12-10,30,27,23,25,22,18,93,85,74,30.26,30.20,30.13,15,9,1,5,2,,0.00,7,Snow,-1
2012-12-11,44,36,28,28,27,25,100,73,49,30.10,30.00,29.87,15,15,10,9,2,,0.00,5,,117
2012-12-12,48,42,37,27,24,21,56,47,40,29.91,29.81,29.76,15,15,15,17,10,24,0.00,6,,124
2012-12-13,48,44,39,25,22,19,49,42,34,29.87,29.82,29.78,15,11,10,23,15,,0.00,3,,143
2012-12-14,42,38,33,36,29,19,100,75,45,29.95,29.70,29.58,15,9,4,8,5,,0.04,6,,289
2012-12-15,37,34,32,36,31,30,100,88,81,29.86,29.83,29.78,12,8,2,18,5,23,0.02,7,Snow,123
2012-12-16,37,34,32,30,27,25,87,74,65,29.97,29.93,29.85,15,11,3,17,5,18,0.00,6,,168
2012-12-17,46,40,33,32,28,25,87,69,56,29.95,29.86,29.76,15,10,2,15,6,21,0.22,7,Rain-Snow,233
2012-12-18,33,30,26,32,25,18,100,81,64,29.85,29.79,29.70,10,8,1,20,10,22,0.02,7,Snow,314
2012-12-19,26,20,14,19,14,9,86,73,59,30.41,30.06,29.76,15,12,10,23,12,28,0.00,1,,323
2012-12-20,26,19,12,19,11,7,93,77,59,30.43,30.35,30.26,15,12,10,14,7,,0.00,1,,139
2012-12-21,35,24,14,21,14,7,100,70,48,30.26,30.17,30.07,15,12,10,12,2,17,0.00,0,,76
2012-12-22,39,30,21,21,17,12,80,57,45,30.10,30.03,29.92,15,12,10,17,7,,0.00,3,,132
2012-12-23,42,36,30,28,24,18,86,63,36,30.12,30.00,29.89,15,12,10,13,5,17,0.00,5,,335
2012-12-24,39,32,24,34,28,18,100,85,65,30.08,29.89,29.79,10,8,0,23,8,37,0.01,6,Rain-Snow,140
2012-12-25,28,22,17,23,19,16,100,87,69,30.22,30.10,29.94,15,11,10,6,2,,0.00,4,,88
2012-12-26,30,26,23,28,24,18,93,89,74,29.93,29.78,29.68,10,5,1,17,4,16,0.03,7,Snow,158
2012-12-27,30,28,26,28,24,19,93,84,69,30.06,29.86,29.74,15,8,2,17,11,,0.00,7,Snow,278
2012-12-28,28,18,8,25,19,3,100,91,79,30.24,30.17,30.07,15,5,0,8,1,,0.00,5,Fog-Snow,184
2012-12-29,24,16,8,19,12,1,100,92,73,30.24,30.14,30.00,15,9,1,6,1,,0.00,3,,223
2012-12-30,39,28,17,21,18,16,100,82,45,30.03,30.00,29.97,15,9,5,12,5,,0.00,6,Snow,326
2012-12-31,24,20,15,21,16,12,100,88,79,30.27,30.13,30.02,15,7,2,15,6,,0.00,5,Snow,318

